set NODES := 0 1 2 3 4 5 6 7 8 9 10 11 12 13 14 15 16 17 18 19 20 21 22 23 24 25 26 27 28 29 30 31 32 33 34 35 36 37 38 39 40 41 42 43 44 45 46 47 48 49 50 51 52;
set NODOS_SIN0 := 1 2 3 4 5 6 7 8 9 10 11 12 13 14 15 16 17 18 19 20 21 22 23 24 25 26 27 28 29 30 31 32 33 34 35 36 37 38 39 40 41 42 43 44 45 46 47 48 49 50 51 52;
set Vendedores := 1 2;
param mmin := 10;
param mmax := 41;
param dist :=
[0,0] 0.0
[0,1] 0.0
[0,2] 666.11
[0,3] 281.11
[0,4] 395.6
[0,5] 291.2
[0,6] 326.27
[0,7] 640.8
[0,8] 426.88
[0,9] 600.19
[0,10] 561.47
[0,11] 1040.97
[0,12] 655.02
[0,13] 975.0
[0,14] 1120.77
[0,15] 299.04
[0,16] 260.05
[0,17] 429.53
[0,18] 161.55
[0,19] 305.0
[0,20] 210.06
[0,21] 286.92
[0,22] 46.1
[0,23] 181.18
[0,24] 274.59
[0,25] 410.03
[0,26] 728.97
[0,27] 798.51
[0,28] 707.0
[0,29] 406.26
[0,30] 360.07
[0,31] 146.37
[0,32] 90.55
[0,33] 827.31
[0,34] 135.09
[0,35] 121.66
[0,36] 125.0
[0,37] 207.97
[0,38] 240.42
[0,39] 166.21
[0,40] 208.93
[0,41] 395.38
[0,42] 565.8
[0,43] 463.82
[0,44] 154.43
[0,45] 240.21
[0,46] 279.87
[0,47] 791.28
[0,48] 267.3
[0,49] 64.03
[0,50] 217.08
[0,51] 789.38
[0,52] 1220.46
[1,0] 0.0
[1,1] 0.0
[1,2] 666.11
[1,3] 281.11
[1,4] 395.6
[1,5] 291.2
[1,6] 326.27
[1,7] 640.8
[1,8] 426.88
[1,9] 600.19
[1,10] 561.47
[1,11] 1040.97
[1,12] 655.02
[1,13] 975.0
[1,14] 1120.77
[1,15] 299.04
[1,16] 260.05
[1,17] 429.53
[1,18] 161.55
[1,19] 305.0
[1,20] 210.06
[1,21] 286.92
[1,22] 46.1
[1,23] 181.18
[1,24] 274.59
[1,25] 410.03
[1,26] 728.97
[1,27] 798.51
[1,28] 707.0
[1,29] 406.26
[1,30] 360.07
[1,31] 146.37
[1,32] 90.55
[1,33] 827.31
[1,34] 135.09
[1,35] 121.66
[1,36] 125.0
[1,37] 207.97
[1,38] 240.42
[1,39] 166.21
[1,40] 208.93
[1,41] 395.38
[1,42] 565.8
[1,43] 463.82
[1,44] 154.43
[1,45] 240.21
[1,46] 279.87
[1,47] 791.28
[1,48] 267.3
[1,49] 64.03
[1,50] 217.08
[1,51] 789.38
[1,52] 1220.46
[2,0] 666.11
[2,1] 666.11
[2,2] 0.0
[2,3] 649.33
[2,4] 1047.09
[2,5] 945.15
[2,6] 978.08
[2,7] 45.0
[2,8] 956.15
[2,9] 1134.96
[2,10] 1132.98
[2,11] 1638.79
[2,12] 1258.59
[2,13] 1440.08
[2,14] 1515.73
[2,15] 957.82
[2,16] 724.03
[2,17] 494.77
[2,18] 595.48
[2,19] 843.4
[2,20] 564.47
[2,21] 392.46
[2,22] 636.42
[2,23] 509.83
[2,24] 921.79
[2,25] 1028.85
[2,26] 1191.51
[2,27] 1301.51
[2,28] 1243.72
[2,29] 635.02
[2,30] 390.45
[2,31] 541.23
[2,32] 730.0
[2,33] 1488.71
[2,34] 782.08
[2,35] 776.98
[2,36] 785.0
[2,37] 857.7
[2,38] 896.94
[2,39] 827.96
[2,40] 869.74
[2,41] 896.17
[2,42] 102.59
[2,43] 1123.71
[2,44] 744.88
[2,45] 823.29
[2,46] 859.08
[2,47] 1151.27
[2,48] 910.3
[2,49] 728.01
[2,50] 596.26
[2,51] 1421.56
[2,52] 1716.05
[3,0] 281.11
[3,1] 281.11
[3,2] 649.33
[3,3] 0.0
[3,4] 603.51
[3,5] 508.94
[3,6] 542.52
[3,7] 610.57
[3,8] 308.06
[3,9] 485.64
[3,10] 487.26
[3,11] 1266.69
[3,12] 891.36
[3,13] 1247.76
[3,14] 1399.73
[3,15] 504.88
[3,16] 537.4
[3,17] 217.31
[3,18] 134.63
[3,19] 207.0
[3,20] 440.96
[3,21] 288.53
[3,22] 240.52
[3,23] 361.18
[3,24] 505.69
[3,25] 652.53
[3,26] 1005.94
[3,27] 1067.64
[3,28] 970.32
[3,29] 651.25
[3,30] 504.21
[3,31] 208.93
[3,32] 245.2
[3,33] 903.4
[3,34] 393.61
[3,35] 373.66
[3,36] 367.7
[3,37] 447.47
[3,38] 462.09
[3,39] 392.24
[3,40] 426.88
[3,41] 246.98
[3,42] 550.09
[3,43] 556.6
[3,44] 434.19
[3,45] 219.83
[3,46] 552.68
[3,47] 1072.31
[3,48] 504.8
[3,49] 288.49
[3,50] 463.25
[3,51] 995.31
[3,52] 1483.59
[4,0] 395.6
[4,1] 395.6
[4,2] 1047.09
[4,3] 603.51
[4,4] 0.0
[4,5] 104.4
[4,6] 69.64
[4,7] 1026.36
[4,8] 525.0
[4,9] 611.0
[4,10] 533.9
[4,11] 663.19
[4,12] 294.36
[4,13] 711.07
[4,14] 897.01
[4,15] 100.12
[4,16] 384.22
[4,17] 800.25
[4,18] 532.35
[4,19] 474.68
[4,20] 500.62
[4,21] 681.49
[4,22] 436.61
[4,23] 537.7
[4,24] 125.3
[4,25] 109.2
[4,26] 516.24
[4,27] 526.81
[4,28] 417.43
[4,29] 579.87
[4,30] 689.53
[4,31] 540.86
[4,32] 370.54
[4,33] 517.35
[4,34] 266.55
[4,35] 275.14
[4,36] 270.6
[4,37] 190.39
[4,38] 155.24
[4,39] 230.49
[4,40] 188.28
[4,41] 544.54
[4,42] 950.33
[4,43] 245.2
[4,44] 307.0
[4,45] 411.1
[4,46] 230.71
[4,47] 659.56
[4,48] 137.3
[4,49] 345.25
[4,50] 477.62
[4,51] 397.02
[4,52] 908.64
[5,0] 291.2
[5,1] 291.2
[5,2] 945.15
[5,3] 508.94
[5,4] 104.4
[5,5] 0.0
[5,6] 35.36
[5,7] 923.59
[5,8] 470.56
[5,9] 583.63
[5,10] 513.47
[5,11] 760.81
[5,12] 382.43
[5,13] 769.04
[5,14] 944.31
[5,15] 25.0
[5,16] 309.23
[5,17] 700.07
[5,18] 430.46
[5,19] 400.78
[5,20] 406.6
[5,21] 577.17
[5,22] 332.45
[5,23] 436.84
[5,24] 31.62
[5,25] 150.08
[5,26] 552.27
[5,27] 584.14
[5,28] 478.59
[5,29] 509.75
[5,30] 594.35
[5,31] 436.61
[5,32] 270.19
[5,33] 589.96
[5,34] 163.25
[5,35] 170.88
[5,36] 166.21
[5,37] 87.46
[5,38] 50.99
[5,39] 126.59
[5,40] 85.15
[5,41] 479.5
[5,42] 847.66
[5,43] 266.69
[5,44] 212.25
[5,45] 331.21
[5,46] 170.66
[5,47] 673.59
[5,48] 47.43
[5,49] 241.87
[5,50] 386.68
[5,51] 499.92
[5,52] 984.44
[6,0] 326.27
[6,1] 326.27
[6,2] 978.08
[6,3] 542.52
[6,4] 69.64
[6,5] 35.36
[6,6] 0.0
[6,7] 957.04
[6,8] 491.55
[6,9] 596.01
[6,10] 523.26
[6,11] 726.1
[6,12] 349.28
[6,13] 744.19
[6,14] 922.78
[6,15] 40.31
[6,16] 328.82
[6,17] 735.02
[6,18] 465.67
[6,19] 427.93
[6,20] 435.23
[6,21] 611.9
[6,22] 367.73
[6,23] 469.07
[6,24] 57.01
[6,25] 124.2
[6,26] 533.34
[6,27] 559.13
[6,28] 452.22
[6,29] 528.02
[6,30] 623.7
[6,31] 471.83
[6,32] 305.04
[6,33] 568.24
[6,34] 196.98
[6,35] 205.55
[6,36] 201.31
[6,37] 120.83
[6,38] 86.31
[6,39] 161.94
[6,40] 120.42
[6,41] 504.01
[6,42] 881.04
[6,43] 260.05
[6,44] 240.83
[6,45] 360.07
[6,46] 182.0
[6,47] 661.91
[6,48] 70.71
[6,49] 277.22
[6,50] 413.79
[6,51] 464.57
[6,52] 954.9
[7,0] 640.8
[7,1] 640.8
[7,2] 45.0
[7,3] 610.57
[7,4] 1026.36
[7,5] 923.59
[7,6] 957.04
[7,7] 0.0
[7,8] 918.1
[7,9] 1095.92
[7,10] 1095.73
[7,11] 1627.42
[7,12] 1245.2
[7,13] 1440.31
[7,14] 1521.73
[7,15] 935.36
[7,16] 713.86
[7,17] 451.25
[7,18] 562.25
[7,19] 807.0
[7,20] 551.77
[7,21] 361.73
[7,22] 609.14
[7,23] 491.17
[7,24] 901.18
[7,25] 1012.42
[7,26] 1190.09
[7,27] 1297.79
[7,28] 1236.74
[7,29] 636.97
[7,30] 385.52
[7,31] 511.52
[7,32] 701.23
[7,33] 1459.63
[7,34] 760.35
[7,35] 754.2
[7,36] 761.58
[7,37] 836.32
[7,38] 874.71
[7,39] 804.39
[7,40] 846.54
[7,41] 857.55
[7,42] 76.16
[7,43] 1094.81
[7,44] 727.0
[7,45] 789.38
[7,46] 844.42
[7,47] 1156.83
[7,48] 890.18
[7,49] 701.73
[7,50] 584.64
[7,51] 1405.08
[7,52] 1715.07
[8,0] 426.88
[8,1] 426.88
[8,2] 956.15
[8,3] 308.06
[8,4] 525.0
[8,5] 470.56
[8,6] 491.55
[8,7] 918.1
[8,8] 0.0
[8,9] 183.44
[8,10] 180.35
[8,11] 1144.9
[8,12] 812.05
[8,13] 1234.34
[8,14] 1414.23
[8,15] 452.55
[8,16] 660.98
[8,17] 506.58
[8,18] 381.22
[8,19] 125.9
[8,20] 635.96
[8,21] 580.39
[8,22] 415.03
[8,23] 586.73
[8,24] 486.54
[8,25] 615.55
[8,26] 1022.8
[8,27] 1049.4
[8,28] 941.08
[8,29] 831.04
[8,30] 758.77
[8,31] 457.22
[8,32] 338.71
[8,33] 645.16
[8,34] 455.0
[8,35] 435.46
[8,36] 421.54
[8,37] 460.57
[8,38] 446.01
[8,39] 413.82
[8,40] 421.57
[8,41] 64.03
[8,42] 855.86
[8,43] 359.03
[8,44] 529.74
[8,45] 187.42
[8,46] 598.54
[8,47] 1135.89
[8,48] 495.1
[8,49] 383.44
[8,50] 643.82
[8,51] 860.15
[8,52] 1430.47
[9,0] 600.19
[9,1] 600.19
[9,2] 1134.96
[9,3] 485.64
[9,4] 611.0
[9,5] 583.63
[9,6] 596.01
[9,7] 1095.92
[9,8] 183.44
[9,9] 0.0
[9,10] 83.22
[9,11] 1165.61
[9,12] 873.86
[9,13] 1316.76
[9,14] 1507.12
[9,15] 561.47
[9,16] 817.95
[9,17] 670.32
[9,18] 564.65
[9,19] 308.06
[9,20] 810.25
[9,21] 763.22
[9,22] 593.04
[9,23] 766.55
[9,24] 606.24
[9,25] 714.18
[9,26] 1126.11
[9,27] 1134.55
[9,28] 1024.46
[9,29] 998.21
[9,30] 940.49
[9,31] 640.31
[9,32] 510.02
[9,33] 570.2
[9,34] 606.98
[9,35] 589.43
[9,36] 574.67
[9,37] 596.09
[9,38] 571.95
[9,39] 557.85
[9,40] 555.0
[9,41] 239.27
[9,42] 1035.59
[9,43] 389.94
[9,44] 685.58
[9,45] 360.87
[9,46] 733.89
[9,47] 1257.06
[9,48] 617.84
[9,49] 550.57
[9,50] 815.14
[9,51] 883.23
[9,52] 1486.78
[10,0] 561.47
[10,1] 561.47
[10,2] 1132.98
[10,3] 487.26
[10,4] 533.9
[10,5] 513.47
[10,6] 523.26
[10,7] 1095.73
[10,8] 180.35
[10,9] 83.22
[10,10] 0.0
[10,11] 1082.65
[10,12] 792.09
[10,13] 1236.58
[10,14] 1428.29
[10,15] 490.43
[10,16] 763.69
[10,17] 686.48
[10,18] 547.95
[10,19] 290.9
[10,20] 770.28
[10,21] 751.48
[10,22] 560.29
[10,23] 734.93
[10,24] 537.82
[10,25] 638.85
[10,26] 1049.98
[10,27] 1055.05
[10,28] 944.93
[10,29] 950.05
[10,30] 912.14
[10,31] 619.29
[10,32] 471.01
[10,33] 500.9
[10,34] 552.27
[10,35] 536.14
[10,36] 521.18
[10,37] 533.67
[10,38] 506.21
[10,39] 499.92
[10,40] 492.44
[10,41] 243.98
[10,42] 1031.95
[10,43] 307.77
[10,44] 631.98
[10,45] 329.01
[10,46] 669.65
[10,47] 1185.17
[10,48] 550.27
[10,49] 507.0
[10,50] 771.96
[10,51] 800.08
[10,52] 1404.04
[11,0] 1040.97
[11,1] 1040.97
[11,2] 1638.79
[11,3] 1266.69
[11,4] 663.19
[11,5] 760.81
[11,6] 726.1
[11,7] 1627.42
[11,8] 1144.9
[11,9] 1165.61
[11,10] 1082.65
[11,11] 0.0
[11,12] 387.07
[11,13] 442.72
[11,14] 619.56
[11,15] 762.36
[11,16] 914.82
[11,17] 1460.69
[11,18] 1190.09
[11,19] 1124.3
[11,20] 1075.66
[11,21] 1314.17
[11,22] 1085.56
[11,23] 1143.53
[11,24] 770.02
[11,25] 631.27
[11,26] 541.04
[11,27] 417.43
[11,28] 417.64
[11,29] 1042.41
[11,30] 1250.97
[11,31] 1186.78
[11,32] 1030.98
[11,33] 706.13
[11,34] 905.88
[11,35] 920.34
[11,36] 920.05
[11,37] 835.06
[11,38] 810.39
[11,39] 885.13
[11,40] 845.53
[11,41] 1180.04
[11,42] 1552.32
[11,43] 789.24
[11,44] 912.92
[11,45] 1067.95
[11,46] 786.67
[11,47] 705.16
[11,48] 775.06
[11,49] 1000.01
[11,50] 1042.93
[11,51] 285.04
[11,52] 398.56
[12,0] 655.02
[12,1] 655.02
[12,2] 1258.59
[12,3] 891.36
[12,4] 294.36
[12,5] 382.43
[12,6] 349.28
[12,7] 1245.2
[12,8] 812.05
[12,9] 873.86
[12,10] 792.09
[12,11] 387.07
[12,12] 0.0
[12,13] 452.13
[12,14] 653.24
[12,15] 388.1
[12,16] 537.7
[12,17] 1078.36
[12,18] 806.88
[12,19] 768.85
[12,20] 694.14
[12,21] 927.16
[12,22] 700.02
[12,23] 758.17
[12,24] 387.62
[12,25] 245.0
[12,26] 335.04
[12,27] 283.24
[12,28] 182.48
[12,29] 688.19
[12,30] 874.64
[12,31] 800.39
[12,32] 650.58
[12,33] 584.21
[12,34] 520.0
[12,35] 535.21
[12,36] 535.84
[12,37] 451.0
[12,38] 429.94
[12,39] 503.02
[12,40] 465.3
[12,41] 836.32
[12,42] 1169.63
[12,43] 484.38
[12,44] 526.12
[12,45] 705.3
[12,46] 401.4
[12,47] 517.42
[12,48] 391.15
[12,49] 616.64
[12,50] 662.59
[12,51] 188.22
[12,52] 618.57
[13,0] 975.0
[13,1] 975.0
[13,2] 1440.08
[13,3] 1247.76
[13,4] 711.07
[13,5] 769.04
[13,6] 744.19
[13,7] 1440.31
[13,8] 1234.34
[13,9] 1316.76
[13,10] 1236.58
[13,11] 442.72
[13,12] 452.13
[13,13] 0.0
[13,14] 205.55
[13,15] 784.09
[13,16] 759.28
[13,17] 1399.51
[13,18] 1136.54
[13,19] 1169.47
[13,20] 919.92
[13,21] 1194.76
[13,22] 1020.42
[13,23] 1008.19
[13,24] 759.95
[13,25] 620.08
[13,26] 254.02
[13,27] 185.07
[13,28] 293.64
[13,29] 805.25
[13,30] 1056.18
[13,31] 1103.65
[13,32] 1004.15
[13,33] 1010.36
[13,34] 854.18
[13,35] 874.31
[13,36] 881.19
[13,37] 806.92
[13,38] 804.32
[13,39] 862.7
[13,40] 836.38
[13,41] 1248.08
[13,42] 1371.31
[13,43] 930.86
[13,44] 821.72
[13,45] 1098.33
[13,46] 696.02
[13,47] 324.42
[13,48] 755.86
[13,49] 959.28
[13,50] 884.59
[13,51] 539.68
[13,52] 278.66
[14,0] 1120.77
[14,1] 1120.77
[14,2] 1515.73
[14,3] 1399.73
[14,4] 897.01
[14,5] 944.31
[14,6] 922.78
[14,7] 1521.73
[14,8] 1414.23
[14,9] 1507.12
[14,10] 1428.29
[14,11] 619.56
[14,12] 653.24
[14,13] 205.55
[14,14] 0.0
[14,15] 961.69
[14,16] 883.88
[14,17] 1534.22
[14,18] 1280.67
[14,19] 1340.63
[14,20] 1034.65
[14,21] 1313.2
[14,22] 1164.69
[14,23] 1127.21
[14,24] 931.36
[14,25] 799.16
[14,26] 396.01
[14,27] 374.43
[14,28] 484.17
[14,29] 887.43
[14,30] 1146.48
[14,31] 1238.79
[14,32] 1160.87
[14,33] 1215.91
[14,34] 1009.72
[14,35] 1030.59
[14,36] 1039.25
[14,37] 971.4
[14,38] 974.59
[14,39] 1026.16
[14,40] 1004.45
[14,41] 1423.04
[14,42] 1457.48
[14,43] 1125.28
[14,44] 966.4
[14,45] 1267.57
[14,46] 848.76
[14,47] 364.97
[14,48] 925.22
[14,49] 1113.56
[14,50] 1000.12
[14,51] 744.65
[14,52] 318.9
[15,0] 299.04
[15,1] 299.04
[15,2] 957.82
[15,3] 504.88
[15,4] 100.12
[15,5] 25.0
[15,6] 40.31
[15,7] 935.36
[15,8] 452.55
[15,9] 561.47
[15,10] 490.43
[15,11] 762.36
[15,12] 388.1
[15,13] 784.09
[15,14] 961.69
[15,15] 0.0
[15,16] 332.42
[15,17] 700.16
[15,18] 432.35
[15,19] 387.62
[15,20] 424.79
[15,21] 585.88
[15,22] 338.6
[15,23] 451.05
[15,24] 55.9
[15,25] 164.01
[15,26] 571.07
[15,27] 599.04
[15,28] 492.37
[15,29] 533.13
[15,30] 611.66
[15,31] 443.0
[15,32] 270.42
[15,33] 568.7
[15,34] 176.14
[15,35] 181.18
[15,36] 174.64
[15,37] 102.59
[15,38] 61.03
[15,39] 132.85
[15,40] 90.14
[15,41] 464.0
[15,42] 859.59
[15,43] 241.87
[15,44] 231.14
[15,45] 319.88
[15,46] 195.58
[15,47] 695.59
[15,48] 71.59
[15,49] 246.22
[15,50] 406.08
[15,51] 497.04
[15,52] 995.11
[16,0] 260.05
[16,1] 260.05
[16,2] 724.03
[16,3] 537.4
[16,4] 384.22
[16,5] 309.23
[16,6] 328.82
[16,7] 713.86
[16,8] 660.98
[16,9] 817.95
[16,10] 763.69
[16,11] 914.82
[16,12] 537.7
[16,13] 759.28
[16,14] 883.88
[16,15] 332.42
[16,16] 0.0
[16,17] 650.71
[16,18] 407.83
[16,19] 548.86
[16,20] 165.08
[16,21] 435.49
[16,22] 297.07
[16,23] 249.1
[16,24] 277.71
[16,25] 326.5
[16,26] 505.69
[16,27] 597.54
[16,28] 525.86
[16,29] 200.81
[16,30] 337.08
[16,31] 356.72
[16,32] 330.95
[16,33] 897.06
[16,34] 211.48
[16,35] 228.53
[16,36] 243.31
[16,37] 244.18
[16,38] 283.77
[16,39] 265.05
[16,40] 282.18
[16,41] 640.78
[16,42] 639.53
[16,43] 570.09
[16,44] 132.38
[16,45] 476.37
[16,46] 155.72
[16,47] 539.49
[16,48] 261.96
[16,49] 281.82
[16,50] 130.38
[16,51] 710.11
[16,52] 1022.67
[17,0] 429.53
[17,1] 429.53
[17,2] 494.77
[17,3] 217.31
[17,4] 800.25
[17,5] 700.07
[17,6] 735.02
[17,7] 451.25
[17,8] 506.58
[17,9] 670.32
[17,10] 686.48
[17,11] 1460.69
[17,12] 1078.36
[17,13] 1399.51
[17,14] 1534.22
[17,15] 700.16
[17,16] 650.71
[17,17] 0.0
[17,18] 271.66
[17,19] 421.1
[17,20] 512.08
[17,21] 253.03
[17,22] 383.44
[17,23] 418.0
[17,24] 691.16
[17,25] 834.34
[17,26] 1149.48
[17,27] 1226.02
[17,28] 1136.33
[17,29] 707.42
[17,30] 492.39
[17,31] 296.18
[17,32] 430.0
[17,33] 1120.29
[17,34] 561.47
[17,35] 544.52
[17,36] 542.79
[17,37] 627.42
[17,38] 650.31
[17,39] 575.78
[17,40] 615.18
[17,41] 442.63
[17,42] 408.07
[17,43] 773.26
[17,44] 579.01
[17,45] 436.58
[17,46] 708.25
[17,47] 1187.7
[17,48] 687.2
[17,49] 461.74
[17,50] 543.62
[17,51] 1196.51
[17,52] 1649.37
[18,0] 161.55
[18,1] 161.55
[18,2] 595.48
[18,3] 134.63
[18,4] 532.35
[18,5] 430.46
[18,6] 465.67
[18,7] 562.25
[18,8] 381.22
[18,9] 564.65
[18,10] 547.95
[18,11] 1190.09
[18,12] 806.88
[18,13] 1136.54
[18,14] 1280.67
[18,15] 432.35
[18,16] 407.83
[18,17] 271.66
[18,18] 0.0
[18,19] 258.12
[18,20] 306.47
[18,21] 205.24
[18,22] 116.3
[18,23] 229.4
[18,24] 420.12
[18,25] 562.69
[18,26] 890.0
[18,27] 959.91
[18,28] 867.44
[18,29] 516.77
[18,30] 385.03
[18,31] 80.16
[18,32] 162.79
[18,33] 903.24
[18,34] 290.26
[18,35] 272.95
[18,36] 271.15
[18,37] 355.88
[18,38] 380.13
[18,39] 305.0
[18,40] 345.33
[18,41] 330.49
[18,42] 492.98
[18,43] 541.13
[18,44] 315.36
[18,45] 228.04
[18,46] 441.28
[18,47] 946.0
[18,48] 415.75
[18,49] 190.26
[18,50] 328.67
[18,51] 929.37
[18,52] 1381.2
[19,0] 305.0
[19,1] 305.0
[19,2] 843.4
[19,3] 207.0
[19,4] 474.68
[19,5] 400.78
[19,6] 427.93
[19,7] 807.0
[19,8] 125.9
[19,9] 308.06
[19,10] 290.9
[19,11] 1124.3
[19,12] 768.85
[19,13] 1169.47
[19,14] 1340.63
[19,15] 387.62
[19,16] 548.86
[19,17] 421.1
[19,18] 258.12
[19,19] 0.0
[19,20] 512.45
[19,21] 460.65
[19,22] 290.17
[19,23] 460.98
[19,24] 410.03
[19,25] 550.68
[19,26] 945.48
[19,27] 984.73
[19,28] 879.33
[19,29] 711.0
[19,30] 632.95
[19,31] 332.42
[19,32] 219.83
[19,33] 700.59
[19,34] 350.89
[19,35] 330.19
[19,36] 317.57
[19,37] 371.25
[19,38] 366.23
[19,39] 318.9
[19,40] 336.34
[19,41] 91.92
[19,42] 741.92
[19,43] 367.76
[19,44] 420.39
[19,45] 75.0
[19,46] 504.48
[19,47] 1044.84
[19,48] 415.48
[19,49] 267.44
[19,50] 521.97
[19,51] 843.45
[19,52] 1381.96
[20,0] 210.06
[20,1] 210.06
[20,2] 564.47
[20,3] 440.96
[20,4] 500.62
[20,5] 406.6
[20,6] 435.23
[20,7] 551.77
[20,8] 635.96
[20,9] 810.25
[20,10] 770.28
[20,11] 1075.66
[20,12] 694.14
[20,13] 919.92
[20,14] 1034.65
[20,15] 424.79
[20,16] 165.08
[20,17] 512.08
[20,18] 306.47
[20,19] 512.45
[20,20] 0.0
[20,21] 278.57
[20,22] 223.61
[20,23] 94.34
[20,24] 378.45
[20,25] 467.39
[20,26] 665.9
[20,27] 761.64
[20,28] 690.89
[20,29] 210.3
[20,30] 189.01
[20,31] 236.01
[20,32] 300.37
[20,33] 990.01
[20,34] 256.56
[20,35] 261.77
[20,36] 275.05
[20,37] 322.68
[20,38] 365.55
[20,39] 313.85
[20,40] 348.17
[20,41] 601.04
[20,42] 476.71
[20,43] 638.16
[20,44] 194.49
[20,45] 450.03
[20,46] 295.47
[20,47] 679.78
[20,48] 364.59
[20,49] 263.87
[20,50] 35.36
[20,51] 859.07
[20,52] 1186.09
[21,0] 286.92
[21,1] 286.92
[21,2] 392.46
[21,3] 288.53
[21,4] 681.49
[21,5] 577.17
[21,6] 611.9
[21,7] 361.73
[21,8] 580.39
[21,9] 763.22
[21,10] 751.48
[21,11] 1314.17
[21,12] 927.16
[21,13] 1194.76
[21,14] 1313.2
[21,15] 585.88
[21,16] 435.49
[21,17] 253.03
[21,18] 205.24
[21,19] 460.65
[21,20] 278.57
[21,21] 0.0
[21,22] 250.6
[21,23] 186.82
[21,24] 558.41
[21,25] 684.73
[21,26] 941.08
[21,27] 1030.97
[21,28] 952.22
[21,29] 459.16
[21,30] 241.51
[21,31] 150.0
[21,32] 340.04
[21,33] 1097.96
[21,34] 416.2
[21,35] 406.36
[21,36] 411.4
[21,37] 491.86
[21,38] 526.71
[21,39] 453.1
[21,40] 495.81
[21,41] 525.02
[21,42] 289.91
[21,43] 733.25
[21,44] 401.53
[21,45] 433.04
[21,46] 530.38
[21,47] 957.55
[21,48] 549.48
[21,49] 344.42
[21,50] 313.13
[21,51] 1072.01
[21,52] 1456.71
[22,0] 46.1
[22,1] 46.1
[22,2] 636.42
[22,3] 240.52
[22,4] 436.61
[22,5] 332.45
[22,6] 367.73
[22,7] 609.14
[22,8] 415.03
[22,9] 593.04
[22,10] 560.29
[22,11] 1085.56
[22,12] 700.02
[22,13] 1020.42
[22,14] 1164.69
[22,15] 338.6
[22,16] 297.07
[22,17] 383.44
[22,18] 116.3
[22,19] 290.17
[22,20] 223.61
[22,21] 250.6
[22,22] 0.0
[22,23] 174.64
[22,24] 317.53
[22,25] 455.03
[22,26] 773.71
[22,27] 844.33
[22,28] 753.08
[22,29] 428.51
[22,30] 352.6
[22,31] 104.4
[22,32] 97.08
[22,33] 852.95
[22,34] 180.07
[22,35] 165.3
[22,36] 166.88
[22,37] 251.25
[22,38] 281.47
[22,39] 206.16
[22,40] 248.65
[22,41] 377.69
[22,42] 535.02
[22,43] 488.11
[22,44] 199.06
[22,45] 232.65
[22,46] 325.73
[22,47] 832.41
[22,48] 311.01
[22,49] 93.94
[22,50] 237.17
[22,51] 831.87
[22,52] 1266.49
[23,0] 181.18
[23,1] 181.18
[23,2] 509.83
[23,3] 361.18
[23,4] 537.7
[23,5] 436.84
[23,6] 469.07
[23,7] 491.17
[23,8] 586.73
[23,9] 766.55
[23,10] 734.93
[23,11] 1143.53
[23,12] 758.17
[23,13] 1008.19
[23,14] 1127.21
[23,15] 451.05
[23,16] 249.1
[23,17] 418.0
[23,18] 229.4
[23,19] 460.98
[23,20] 94.34
[23,21] 186.82
[23,22] 174.64
[23,23] 0.0
[23,24] 412.46
[23,25] 521.78
[23,26] 754.4
[23,27] 845.93
[23,28] 770.15
[23,29] 296.02
[23,30] 179.23
[23,31] 152.32
[23,32] 267.44
[23,33] 1001.96
[23,34] 275.0
[23,35] 272.81
[23,36] 282.93
[23,37] 349.46
[23,38] 390.03
[23,39] 325.58
[23,40] 365.55
[23,41] 545.02
[23,42] 415.03
[23,43] 641.13
[23,44] 235.85
[23,45] 406.97
[23,46] 356.93
[23,47] 773.69
[23,48] 400.66
[23,49] 244.39
[23,50] 127.48
[23,51] 914.17
[23,52] 1271.42
[24,0] 274.59
[24,1] 274.59
[24,2] 921.79
[24,3] 505.69
[24,4] 125.3
[24,5] 31.62
[24,6] 57.01
[24,7] 901.18
[24,8] 486.54
[24,9] 606.24
[24,10] 537.82
[24,11] 770.02
[24,12] 387.62
[24,13] 759.95
[24,14] 931.36
[24,15] 55.9
[24,16] 277.71
[24,17] 691.16
[24,18] 420.12
[24,19] 410.03
[24,20] 378.45
[24,21] 558.41
[24,22] 317.53
[24,23] 412.46
[24,24] 0.0
[24,25] 147.05
[24,26] 537.4
[24,27] 575.61
[24,28] 472.07
[24,29] 478.17
[24,30] 566.79
[24,31] 420.86
[24,32] 263.06
[24,33] 620.85
[24,34] 142.3
[24,35] 152.97
[24,36] 150.75
[24,37] 66.71
[24,38] 44.72
[24,39] 115.43
[24,40] 79.06
[24,41] 491.76
[24,42] 825.12
[24,43] 297.7
[24,44] 183.98
[24,45] 338.38
[24,46] 140.09
[24,47] 652.55
[24,48] 15.81
[24,49] 230.0
[24,50] 357.53
[24,51] 514.81
[24,52] 981.54
[25,0] 410.03
[25,1] 410.03
[25,2] 1028.85
[25,3] 652.53
[25,4] 109.2
[25,5] 150.08
[25,6] 124.2
[25,7] 1012.42
[25,8] 615.55
[25,9] 714.18
[25,10] 638.85
[25,11] 631.27
[25,12] 245.0
[25,13] 620.08
[25,14] 799.16
[25,15] 164.01
[25,16] 326.5
[25,17] 834.34
[25,18] 562.69
[25,19] 550.68
[25,20] 467.39
[25,21] 684.73
[25,22] 455.03
[25,23] 521.78
[25,24] 147.05
[25,25] 0.0
[25,26] 412.1
[25,27] 435.03
[25,28] 328.67
[25,29] 509.14
[25,30] 654.31
[25,31] 555.56
[25,32] 408.93
[25,33] 605.83
[25,34] 275.0
[25,35] 290.39
[25,36] 291.55
[25,37] 207.18
[25,38] 191.38
[25,39] 260.86
[25,40] 226.11
[25,41] 628.01
[25,42] 936.38
[25,43] 354.4
[25,44] 286.4
[25,45] 481.27
[25,46] 173.35
[25,47] 550.68
[25,48] 148.07
[25,49] 372.73
[25,50] 439.09
[25,51] 392.75
[25,52] 835.13
[26,0] 728.97
[26,1] 728.97
[26,2] 1191.51
[26,3] 1005.94
[26,4] 516.24
[26,5] 552.27
[26,6] 533.34
[26,7] 1190.09
[26,8] 1022.8
[26,9] 1126.11
[26,10] 1049.98
[26,11] 541.04
[26,12] 335.04
[26,13] 254.02
[26,14] 396.01
[26,15] 571.07
[26,16] 505.69
[26,17] 1149.48
[26,18] 890.0
[26,19] 945.48
[26,20] 665.9
[26,21] 941.08
[26,22] 773.71
[26,23] 754.4
[26,24] 537.4
[26,25] 412.1
[26,26] 0.0
[26,27] 126.19
[26,28] 158.9
[26,29] 558.79
[26,30] 805.02
[26,31] 853.3
[26,32] 765.51
[26,33] 917.31
[26,34] 614.37
[26,35] 635.14
[26,36] 643.53
[26,37] 575.54
[26,38] 580.0
[26,39] 630.18
[26,40] 609.14
[26,41] 1028.99
[26,42] 1120.1
[26,43] 755.79
[26,44] 574.67
[26,45] 872.07
[26,46] 453.68
[26,47] 185.54
[26,48] 530.52
[26,49] 718.68
[26,50] 630.58
[26,51] 496.01
[26,52] 525.0
[27,0] 798.51
[27,1] 798.51
[27,2] 1301.51
[27,3] 1067.64
[27,4] 526.81
[27,5] 584.14
[27,6] 559.13
[27,7] 1297.79
[27,8] 1049.4
[27,9] 1134.55
[27,10] 1055.05
[27,11] 417.43
[27,12] 283.24
[27,13] 185.07
[27,14] 374.43
[27,15] 599.04
[27,16] 597.54
[27,17] 1226.02
[27,18] 959.91
[27,19] 984.73
[27,20] 761.64
[27,21] 1030.97
[27,22] 844.33
[27,23] 845.93
[27,24] 575.61
[27,25] 435.03
[27,26] 126.19
[27,27] 0.0
[27,28] 110.11
[27,29] 673.67
[27,30] 912.32
[27,31] 931.45
[27,32] 823.12
[27,33] 861.93
[27,34] 674.26
[27,35] 693.99
[27,36] 700.18
[27,37] 624.12
[27,38] 620.1
[27,39] 680.0
[27,40] 652.55
[27,41] 1063.04
[27,42] 1226.23
[27,43] 751.03
[27,44] 647.01
[27,45] 913.91
[27,46] 518.65
[27,47] 291.55
[27,48] 571.95
[27,49] 779.31
[27,50] 726.4
[27,51] 410.49
[27,52] 425.79
[28,0] 707.0
[28,1] 707.0
[28,2] 1243.72
[28,3] 970.32
[28,4] 417.43
[28,5] 478.59
[28,6] 452.22
[28,7] 1236.74
[28,8] 941.08
[28,9] 1024.46
[28,10] 944.93
[28,11] 417.64
[28,12] 182.48
[28,13] 293.64
[28,14] 484.17
[28,15] 492.37
[28,16] 525.86
[28,17] 1136.33
[28,18] 867.44
[28,19] 879.33
[28,20] 690.89
[28,21] 952.22
[28,22] 753.08
[28,23] 770.15
[28,24] 472.07
[28,25] 328.67
[28,26] 158.9
[28,27] 110.11
[28,28] 0.0
[28,29] 629.68
[28,30] 853.29
[28,31] 844.35
[28,32] 725.16
[28,33] 766.55
[28,34] 578.71
[28,35] 597.7
[28,36] 602.76
[28,37] 523.93
[28,38] 516.77
[28,39] 579.76
[28,40] 550.09
[28,41] 956.15
[28,42] 1163.45
[28,43] 641.11
[28,44] 559.02
[28,45] 809.48
[28,46] 428.51
[28,47] 344.42
[28,48] 469.57
[28,49] 683.12
[28,50] 656.22
[28,51] 337.23
[28,52] 513.93
[29,0] 406.26
[29,1] 406.26
[29,2] 635.02
[29,3] 651.25
[29,4] 579.87
[29,5] 509.75
[29,6] 528.02
[29,7] 636.97
[29,8] 831.04
[29,9] 998.21
[29,10] 950.05
[29,11] 1042.41
[29,12] 688.19
[29,13] 805.25
[29,14] 887.43
[29,15] 533.13
[29,16] 200.81
[29,17] 707.42
[29,18] 516.77
[29,19] 711.0
[29,20] 210.3
[29,21] 459.16
[29,22] 428.51
[29,23] 296.02
[29,24] 478.17
[29,25] 509.14
[29,26] 558.79
[29,27] 673.67
[29,28] 629.68
[29,29] 0.0
[29,30] 259.62
[29,31] 445.22
[29,32] 492.39
[29,33] 1095.67
[29,34] 402.0
[29,35] 415.75
[29,36] 430.73
[29,37] 443.85
[29,38] 484.2
[29,39] 458.94
[29,40] 480.52
[29,41] 801.64
[29,42] 570.64
[29,43] 770.6
[29,44] 322.49
[29,45] 643.62
[29,46] 349.18
[29,47] 522.8
[29,48] 462.39
[29,49] 448.39
[29,50] 191.38
[29,51] 871.45
[29,52] 1081.95
[30,0] 360.07
[30,1] 360.07
[30,2] 390.45
[30,3] 504.21
[30,4] 689.53
[30,5] 594.35
[30,6] 623.7
[30,7] 385.52
[30,8] 758.77
[30,9] 940.49
[30,10] 912.14
[30,11] 1250.97
[30,12] 874.64
[30,13] 1056.18
[30,14] 1146.48
[30,15] 611.66
[30,16] 337.08
[30,17] 492.39
[30,18] 385.03
[30,19] 632.95
[30,20] 189.01
[30,21] 241.51
[30,22] 352.6
[30,23] 179.23
[30,24] 566.79
[30,25] 654.31
[30,26] 805.02
[30,27] 912.32
[30,28] 853.29
[30,29] 259.62
[30,30] 0.0
[30,31] 305.16
[30,32] 446.6
[30,33] 1172.9
[30,34] 439.32
[30,35] 441.19
[30,36] 453.02
[30,37] 509.12
[30,38] 551.59
[30,39] 494.29
[30,40] 531.51
[30,41] 712.97
[30,42] 315.16
[30,43] 815.55
[30,44] 382.88
[30,45] 583.31
[30,46] 481.27
[30,47] 782.19
[30,48] 553.17
[30,49] 422.67
[30,50] 215.23
[30,51] 1044.28
[30,52] 1330.01
[31,0] 146.37
[31,1] 146.37
[31,2] 541.23
[31,3] 208.93
[31,4] 540.86
[31,5] 436.61
[31,6] 471.83
[31,7] 511.52
[31,8] 457.22
[31,9] 640.31
[31,10] 619.29
[31,11] 1186.78
[31,12] 800.39
[31,13] 1103.65
[31,14] 1238.79
[31,15] 443.0
[31,16] 356.72
[31,17] 296.18
[31,18] 80.16
[31,19] 332.42
[31,20] 236.01
[31,21] 150.0
[31,22] 104.4
[31,23] 152.32
[31,24] 420.86
[31,25] 555.56
[31,26] 853.3
[31,27] 931.45
[31,28] 844.35
[31,29] 445.22
[31,30] 305.16
[31,31] 0.0
[31,32] 190.07
[31,33] 948.12
[31,34] 281.11
[31,35] 268.0
[31,36] 270.65
[31,37] 354.3
[31,38] 385.65
[31,39] 310.48
[31,40] 353.02
[31,41] 408.72
[31,42] 438.92
[31,43] 583.31
[31,44] 285.35
[31,45] 292.96
[31,46] 415.93
[31,47] 895.88
[31,48] 413.67
[31,49] 197.8
[31,50] 262.01
[31,51] 935.57
[31,52] 1355.91
[32,0] 90.55
[32,1] 90.55
[32,2] 730.0
[32,3] 245.2
[32,4] 370.54
[32,5] 270.19
[32,6] 305.04
[32,7] 701.23
[32,8] 338.71
[32,9] 510.02
[32,10] 471.01
[32,11] 1030.98
[32,12] 650.58
[32,13] 1004.15
[32,14] 1160.87
[32,15] 270.42
[32,16] 330.95
[32,17] 430.0
[32,18] 162.79
[32,19] 219.83
[32,20] 300.37
[32,21] 340.04
[32,22] 97.08
[32,23] 267.44
[32,24] 263.06
[32,25] 408.93
[32,26] 765.51
[32,27] 823.12
[32,28] 725.16
[32,29] 492.39
[32,30] 446.6
[32,31] 190.07
[32,32] 0.0
[32,33] 758.72
[32,34] 151.16
[32,35] 130.38
[32,36] 122.98
[32,37] 202.61
[32,38] 220.91
[32,39] 148.07
[32,40] 185.61
[32,41] 311.49
[32,42] 628.03
[32,43] 393.73
[32,44] 207.0
[32,45] 151.33
[32,46] 312.13
[32,47] 845.0
[32,48] 260.86
[32,49] 50.0
[32,50] 305.66
[32,51] 767.35
[32,52] 1238.4
[33,0] 827.31
[33,1] 827.31
[33,2] 1488.71
[33,3] 903.4
[33,4] 517.35
[33,5] 589.96
[33,6] 568.24
[33,7] 1459.63
[33,8] 645.16
[33,9] 570.2
[33,10] 500.9
[33,11] 706.13
[33,12] 584.21
[33,13] 1010.36
[33,14] 1215.91
[33,15] 568.7
[33,16] 897.06
[33,17] 1120.29
[33,18] 903.24
[33,19] 700.59
[33,20] 990.01
[33,21] 1097.96
[33,22] 852.95
[33,23] 1001.96
[33,24] 620.85
[33,25] 605.83
[33,26] 917.31
[33,27] 861.93
[33,28] 766.55
[33,29] 1095.67
[33,30] 1172.9
[33,31] 948.12
[33,32] 758.72
[33,33] 0.0
[33,34] 734.1
[33,35] 731.74
[33,36] 720.23
[33,37] 668.51
[33,38] 625.5
[33,39] 678.62
[33,40] 642.03
[33,41] 704.01
[33,42] 1386.73
[33,43] 365.0
[33,44] 798.81
[33,45] 687.79
[33,46] 747.01
[33,47] 1095.18
[33,48] 636.32
[33,49] 763.71
[33,50] 973.67
[33,51] 474.68
[33,52] 1088.73
[34,0] 135.09
[34,1] 135.09
[34,2] 782.08
[34,3] 393.61
[34,4] 266.55
[34,5] 163.25
[34,6] 196.98
[34,7] 760.35
[34,8] 455.0
[34,9] 606.98
[34,10] 552.27
[34,11] 905.88
[34,12] 520.0
[34,13] 854.18
[34,14] 1009.72
[34,15] 176.14
[34,16] 211.48
[34,17] 561.47
[34,18] 290.26
[34,19] 350.89
[34,20] 256.56
[34,21] 416.2
[34,22] 180.07
[34,23] 275.0
[34,24] 142.3
[34,25] 275.0
[34,26] 614.37
[34,27] 674.26
[34,28] 578.71
[34,29] 402.0
[34,30] 439.32
[34,31] 281.11
[34,32] 151.16
[34,33] 734.1
[34,34] 0.0
[34,35] 21.21
[34,36] 33.54
[34,37] 76.16
[34,38] 115.11
[34,39] 58.52
[34,40] 92.2
[34,41] 441.62
[34,42] 684.42
[34,43] 382.39
[34,44] 80.0
[34,45] 276.13
[34,46] 161.01
[34,47] 697.23
[34,48] 133.42
[34,49] 105.12
[34,50] 243.77
[34,51] 656.22
[34,52] 1092.62
[35,0] 121.66
[35,1] 121.66
[35,2] 776.98
[35,3] 373.66
[35,4] 275.14
[35,5] 170.88
[35,6] 205.55
[35,7] 754.2
[35,8] 435.46
[35,9] 589.43
[35,10] 536.14
[35,11] 920.34
[35,12] 535.21
[35,13] 874.31
[35,14] 1030.59
[35,15] 181.18
[35,16] 228.53
[35,17] 544.52
[35,18] 272.95
[35,19] 330.19
[35,20] 261.77
[35,21] 406.36
[35,22] 165.3
[35,23] 272.81
[35,24] 152.97
[35,25] 290.39
[35,26] 635.14
[35,27] 693.99
[35,28] 597.7
[35,29] 415.75
[35,30] 441.19
[35,31] 268.0
[35,32] 130.38
[35,33] 731.74
[35,34] 21.21
[35,35] 0.0
[35,36] 15.0
[35,37] 86.31
[35,38] 120.83
[35,39] 53.15
[35,40] 93.01
[35,41] 421.1
[35,42] 678.47
[35,43] 376.46
[35,44] 96.18
[35,45] 255.54
[35,46] 182.0
[35,47] 718.42
[35,48] 145.77
[35,49] 85.44
[35,50] 251.64
[35,51] 667.78
[35,52] 1111.54
[36,0] 125.0
[36,1] 125.0
[36,2] 785.0
[36,3] 367.7
[36,4] 270.6
[36,5] 166.21
[36,6] 201.31
[36,7] 761.58
[36,8] 421.54
[36,9] 574.67
[36,10] 521.18
[36,11] 920.05
[36,12] 535.84
[36,13] 881.19
[36,14] 1039.25
[36,15] 174.64
[36,16] 243.31
[36,17] 542.79
[36,18] 271.15
[36,19] 317.57
[36,20] 275.05
[36,21] 411.4
[36,22] 166.88
[36,23] 282.93
[36,24] 150.75
[36,25] 291.55
[36,26] 643.53
[36,27] 700.18
[36,28] 602.76
[36,29] 430.73
[36,30] 453.02
[36,31] 270.65
[36,32] 122.98
[36,33] 720.23
[36,34] 33.54
[36,35] 15.0
[36,36] 0.0
[36,37] 85.0
[36,38] 115.43
[36,39] 43.01
[36,40] 85.0
[36,41] 408.17
[36,42] 686.0
[36,43] 363.59
[36,44] 111.02
[36,45] 242.74
[36,46] 191.44
[36,47] 729.55
[36,48] 145.0
[36,49] 81.39
[36,50] 265.71
[36,51] 665.02
[36,52] 1116.36
[37,0] 207.97
[37,1] 207.97
[37,2] 857.7
[37,3] 447.47
[37,4] 190.39
[37,5] 87.46
[37,6] 120.83
[37,7] 836.32
[37,8] 460.57
[37,9] 596.09
[37,10] 533.67
[37,11] 835.06
[37,12] 451.0
[37,13] 806.92
[37,14] 971.4
[37,15] 102.59
[37,16] 244.18
[37,17] 627.42
[37,18] 355.88
[37,19] 371.25
[37,20] 322.68
[37,21] 491.86
[37,22] 251.25
[37,23] 349.46
[37,24] 66.71
[37,25] 207.18
[37,26] 575.54
[37,27] 624.12
[37,28] 523.93
[37,29] 443.85
[37,30] 509.12
[37,31] 354.3
[37,32] 202.61
[37,33] 668.51
[37,34] 76.16
[37,35] 86.31
[37,36] 85.0
[37,37] 0.0
[37,38] 43.01
[37,39] 55.9
[37,40] 41.23
[37,41] 457.74
[37,42] 760.35
[37,43] 327.3
[37,44] 130.38
[37,45] 297.07
[37,46] 138.65
[37,47] 676.04
[37,48] 60.0
[37,49] 165.68
[37,50] 305.16
[37,51] 581.49
[37,52] 1036.4
[38,0] 240.42
[38,1] 240.42
[38,2] 896.94
[38,3] 462.09
[38,4] 155.24
[38,5] 50.99
[38,6] 86.31
[38,7] 874.71
[38,8] 446.01
[38,9] 571.95
[38,10] 506.21
[38,11] 810.39
[38,12] 429.94
[38,13] 804.32
[38,14] 974.59
[38,15] 61.03
[38,16] 283.77
[38,17] 650.31
[38,18] 380.13
[38,19] 366.23
[38,20] 365.55
[38,21] 526.71
[38,22] 281.47
[38,23] 390.03
[38,24] 44.72
[38,25] 191.38
[38,26] 580.0
[38,27] 620.1
[38,28] 516.77
[38,29] 484.2
[38,30] 551.59
[38,31] 385.65
[38,32] 220.91
[38,33] 625.5
[38,34] 115.11
[38,35] 120.83
[38,36] 115.43
[38,37] 43.01
[38,38] 0.0
[38,39] 75.66
[38,40] 35.36
[38,41] 449.03
[38,42] 798.89
[38,43] 286.4
[38,44] 173.35
[38,45] 294.11
[38,46] 163.78
[38,47] 690.67
[38,48] 49.5
[38,49] 191.05
[38,50] 348.17
[38,51] 550.84
[38,52] 1026.17
[39,0] 166.21
[39,1] 166.21
[39,2] 827.96
[39,3] 392.24
[39,4] 230.49
[39,5] 126.59
[39,6] 161.94
[39,7] 804.39
[39,8] 413.82
[39,9] 557.85
[39,10] 499.92
[39,11] 885.13
[39,12] 503.02
[39,13] 862.7
[39,14] 1026.16
[39,15] 132.85
[39,16] 265.05
[39,17] 575.78
[39,18] 305.0
[39,19] 318.9
[39,20] 313.85
[39,21] 453.1
[39,22] 206.16
[39,23] 325.58
[39,24] 115.43
[39,25] 260.86
[39,26] 630.18
[39,27] 680.0
[39,28] 579.76
[39,29] 458.94
[39,30] 494.29
[39,31] 310.48
[39,32] 148.07
[39,33] 678.62
[39,34] 58.52
[39,35] 53.15
[39,36] 43.01
[39,37] 55.9
[39,38] 75.66
[39,39] 0.0
[39,40] 42.72
[39,41] 407.0
[39,42] 728.87
[39,43] 324.42
[39,44] 136.47
[39,45] 244.18
[39,46] 186.01
[39,47] 726.22
[39,48] 112.81
[39,49] 115.43
[39,50] 302.08
[39,51] 626.5
[39,52] 1092.02
[40,0] 208.93
[40,1] 208.93
[40,2] 869.74
[40,3] 426.88
[40,4] 188.28
[40,5] 85.15
[40,6] 120.42
[40,7] 846.54
[40,8] 421.57
[40,9] 555.0
[40,10] 492.44
[40,11] 845.53
[40,12] 465.3
[40,13] 836.38
[40,14] 1004.45
[40,15] 90.14
[40,16] 282.18
[40,17] 615.18
[40,18] 345.33
[40,19] 336.34
[40,20] 348.17
[40,21] 495.81
[40,22] 248.65
[40,23] 365.55
[40,24] 79.06
[40,25] 226.11
[40,26] 609.14
[40,27] 652.55
[40,28] 550.09
[40,29] 480.52
[40,30] 531.51
[40,31] 353.02
[40,32] 185.61
[40,33] 642.03
[40,34] 92.2
[40,35] 93.01
[40,36] 85.0
[40,37] 41.23
[40,38] 35.36
[40,39] 42.72
[40,40] 0.0
[40,41] 421.1
[40,42] 770.92
[40,43] 293.47
[40,44] 161.55
[40,45] 263.15
[40,46] 179.23
[40,47] 714.37
[40,48] 80.62
[40,49] 157.0
[40,50] 333.65
[40,51] 584.83
[40,52] 1060.39
[41,0] 395.38
[41,1] 395.38
[41,2] 896.17
[41,3] 246.98
[41,4] 544.54
[41,5] 479.5
[41,6] 504.01
[41,7] 857.55
[41,8] 64.03
[41,9] 239.27
[41,10] 243.98
[41,11] 1180.04
[41,12] 836.32
[41,13] 1248.08
[41,14] 1423.04
[41,15] 464.0
[41,16] 640.78
[41,17] 442.63
[41,18] 330.49
[41,19] 91.92
[41,20] 601.04
[41,21] 525.02
[41,22] 377.69
[41,23] 545.02
[41,24] 491.76
[41,25] 628.01
[41,26] 1028.99
[41,27] 1063.04
[41,28] 956.15
[41,29] 801.64
[41,30] 712.97
[41,31] 408.72
[41,32] 311.49
[41,33] 704.01
[41,34] 441.62
[41,35] 421.1
[41,36] 408.17
[41,37] 457.74
[41,38] 449.03
[41,39] 407.0
[41,40] 421.1
[41,41] 0.0
[41,42] 796.49
[41,43] 402.0
[41,44] 512.08
[41,45] 165.6
[41,46] 593.0
[41,47] 1133.16
[41,48] 498.52
[41,49] 359.34
[41,50] 611.88
[41,51] 896.35
[41,52] 1453.08
[42,0] 565.8
[42,1] 565.8
[42,2] 102.59
[42,3] 550.09
[42,4] 950.33
[42,5] 847.66
[42,6] 881.04
[42,7] 76.16
[42,8] 855.86
[42,9] 1035.59
[42,10] 1031.95
[42,11] 1552.32
[42,12] 1169.63
[42,13] 1371.31
[42,14] 1457.48
[42,15] 859.59
[42,16] 639.53
[42,17] 408.07
[42,18] 492.98
[42,19] 741.92
[42,20] 476.71
[42,21] 289.91
[42,22] 535.02
[42,23] 415.03
[42,24] 825.12
[42,25] 936.38
[42,26] 1120.1
[42,27] 1226.23
[42,28] 1163.45
[42,29] 570.64
[42,30] 315.16
[42,31] 438.92
[42,32] 628.03
[42,33] 1386.73
[42,34] 684.42
[42,35] 678.47
[42,36] 686.0
[42,37] 760.35
[42,38] 798.89
[42,39] 728.87
[42,40] 770.92
[42,41] 796.49
[42,42] 0.0
[42,43] 1021.76
[42,44] 650.86
[42,45] 720.85
[42,46] 768.67
[42,47] 1092.54
[42,48] 814.08
[42,49] 627.16
[42,50] 509.9
[42,51] 1329.0
[42,52] 1645.07
[43,0] 463.82
[43,1] 463.82
[43,2] 1123.71
[43,3] 556.6
[43,4] 245.2
[43,5] 266.69
[43,6] 260.05
[43,7] 1094.81
[43,8] 359.03
[43,9] 389.94
[43,10] 307.77
[43,11] 789.24
[43,12] 484.38
[43,13] 930.86
[43,14] 1125.28
[43,15] 241.87
[43,16] 570.09
[43,17] 773.26
[43,18] 541.13
[43,19] 367.76
[43,20] 638.16
[43,21] 733.25
[43,22] 488.11
[43,23] 641.13
[43,24] 297.7
[43,25] 354.4
[43,26] 755.79
[43,27] 751.03
[43,28] 641.11
[43,29] 770.6
[43,30] 815.55
[43,31] 583.31
[43,32] 393.73
[43,33] 365.0
[43,34] 382.39
[43,35] 376.46
[43,36] 363.59
[43,37] 327.3
[43,38] 286.4
[43,39] 324.42
[43,40] 293.47
[43,41] 402.0
[43,42] 1021.76
[43,43] 0.0
[43,44] 455.0
[43,45] 336.79
[43,46] 437.32
[43,47] 904.46
[43,48] 313.25
[43,49] 399.91
[43,50] 626.1
[43,51] 504.23
[43,52] 1097.2
[44,0] 154.43
[44,1] 154.43
[44,2] 744.88
[44,3] 434.19
[44,4] 307.0
[44,5] 212.25
[44,6] 240.83
[44,7] 727.0
[44,8] 529.74
[44,9] 685.58
[44,10] 631.98
[44,11] 912.92
[44,12] 526.12
[44,13] 821.72
[44,14] 966.4
[44,15] 231.14
[44,16] 132.38
[44,17] 579.01
[44,18] 315.36
[44,19] 420.39
[44,20] 194.49
[44,21] 401.53
[44,22] 199.06
[44,23] 235.85
[44,24] 183.98
[44,25] 286.4
[44,26] 574.67
[44,27] 647.01
[44,28] 559.02
[44,29] 322.49
[44,30] 382.88
[44,31] 285.35
[44,32] 207.0
[44,33] 798.81
[44,34] 80.0
[44,35] 96.18
[44,36] 111.02
[44,37] 130.38
[44,38] 173.35
[44,39] 136.47
[44,40] 161.55
[44,41] 512.08
[44,42] 650.86
[44,43] 455.0
[44,44] 0.0
[44,45] 346.77
[44,46] 130.86
[44,47] 640.41
[44,48] 170.29
[44,49] 157.0
[44,50] 175.0
[44,51] 678.4
[44,52] 1070.81
[45,0] 240.21
[45,1] 240.21
[45,2] 823.29
[45,3] 219.83
[45,4] 411.1
[45,5] 331.21
[45,6] 360.07
[45,7] 789.38
[45,8] 187.42
[45,9] 360.87
[45,10] 329.01
[45,11] 1067.95
[45,12] 705.3
[45,13] 1098.33
[45,14] 1267.57
[45,15] 319.88
[45,16] 476.37
[45,17] 436.58
[45,18] 228.04
[45,19] 75.0
[45,20] 450.03
[45,21] 433.04
[45,22] 232.65
[45,23] 406.97
[45,24] 338.38
[45,25] 481.27
[45,26] 872.07
[45,27] 913.91
[45,28] 809.48
[45,29] 643.62
[45,30] 583.31
[45,31] 292.96
[45,32] 151.33
[45,33] 687.79
[45,34] 276.13
[45,35] 255.54
[45,36] 242.74
[45,37] 297.07
[45,38] 294.11
[45,39] 244.18
[45,40] 263.15
[45,41] 165.6
[45,42] 720.85
[45,43] 336.79
[45,44] 346.77
[45,45] 0.0
[45,46] 429.56
[45,47] 969.91
[45,48] 343.0
[45,49] 196.47
[45,50] 456.75
[45,51] 790.14
[45,52] 1314.96
[46,0] 279.87
[46,1] 279.87
[46,2] 859.08
[46,3] 552.68
[46,4] 230.71
[46,5] 170.66
[46,6] 182.0
[46,7] 844.42
[46,8] 598.54
[46,9] 733.89
[46,10] 669.65
[46,11] 786.67
[46,12] 401.4
[46,13] 696.02
[46,14] 848.76
[46,15] 195.58
[46,16] 155.72
[46,17] 708.25
[46,18] 441.28
[46,19] 504.48
[46,20] 295.47
[46,21] 530.38
[46,22] 325.73
[46,23] 356.93
[46,24] 140.09
[46,25] 173.35
[46,26] 453.68
[46,27] 518.65
[46,28] 428.51
[46,29] 349.18
[46,30] 481.27
[46,31] 415.93
[46,32] 312.13
[46,33] 747.01
[46,34] 161.01
[46,35] 182.0
[46,36] 191.44
[46,37] 138.65
[46,38] 163.78
[46,39] 186.01
[46,40] 179.23
[46,41] 593.0
[46,42] 768.67
[46,43] 437.32
[46,44] 130.86
[46,45] 429.56
[46,46] 0.0
[46,47] 540.37
[46,48] 125.0
[46,49] 265.0
[46,50] 266.18
[46,51] 563.65
[46,52] 941.12
[47,0] 791.28
[47,1] 791.28
[47,2] 1151.27
[47,3] 1072.31
[47,4] 659.56
[47,5] 673.59
[47,6] 661.91
[47,7] 1156.83
[47,8] 1135.89
[47,9] 1257.06
[47,10] 1185.17
[47,11] 705.16
[47,12] 517.42
[47,13] 324.42
[47,14] 364.97
[47,15] 695.59
[47,16] 539.49
[47,17] 1187.7
[47,18] 946.0
[47,19] 1044.84
[47,20] 679.78
[47,21] 957.55
[47,22] 832.41
[47,23] 773.69
[47,24] 652.55
[47,25] 550.68
[47,26] 185.54
[47,27] 291.55
[47,28] 344.42
[47,29] 522.8
[47,30] 782.19
[47,31] 895.88
[47,32] 845.0
[47,33] 1095.18
[47,34] 697.23
[47,35] 718.42
[47,36] 729.55
[47,37] 676.04
[47,38] 690.67
[47,39] 726.22
[47,40] 714.37
[47,41] 1133.16
[47,42] 1092.54
[47,43] 904.46
[47,44] 640.41
[47,45] 969.91
[47,46] 540.37
[47,47] 0.0
[47,48] 642.36
[47,49] 795.5
[47,50] 646.26
[47,51] 681.54
[47,52] 597.75
[48,0] 267.3
[48,1] 267.3
[48,2] 910.3
[48,3] 504.8
[48,4] 137.3
[48,5] 47.43
[48,6] 70.71
[48,7] 890.18
[48,8] 495.1
[48,9] 617.84
[48,10] 550.27
[48,11] 775.06
[48,12] 391.15
