set NODES := 0 1 2 3 4 5 6 7 8 9 10 11 12 13 14 15 16 17 18 19 20 21 22 23 24 25 26 27 28 29 30 31 32 33 34 35 36 37 38 39 40 41 42 43 44 45 46 47 48 49 50 51 52 53 54 55 56 57 58 59 60 61 62 63 64 65 66 67 68 69 70 71 72 73 74 75 76;
set NODOS_SIN0 := 1 2 3 4 5 6 7 8 9 10 11 12 13 14 15 16 17 18 19 20 21 22 23 24 25 26 27 28 29 30 31 32 33 34 35 36 37 38 39 40 41 42 43 44 45 46 47 48 49 50 51 52 53 54 55 56 57 58 59 60 61 62 63 64 65 66 67 68 69 70 71 72 73 74 75 76;
set Vendedores := 1 2;
param mmin := 30;
param mmax := 50;
param dist :=
[0,0] 0.0
[0,1] 0.0
[0,2] 1118.03
[0,3] 3621.12
[0,4] 3891.34
[0,5] 5205.85
[0,6] 4884.33
[0,7] 4650.0
[0,8] 4975.19
[0,9] 6247.6
[0,10] 6408.0
[0,11] 8009.31
[0,12] 7803.15
[0,13] 8500.0
[0,14] 8664.44
[0,15] 9414.48
[0,16] 9521.69
[0,17] 9030.64
[0,18] 9408.11
[0,19] 6180.01
[0,20] 5561.03
[0,21] 3832.75
[0,22] 3050.0
[0,23] 1931.32
[0,24] 4750.0
[0,25] 4366.06
[0,26] 6791.54
[0,27] 7403.04
[0,28] 8290.92
[0,29] 7409.63
[0,30] 6647.18
[0,31] 6524.19
[0,32] 8487.93
[0,33] 8984.71
[0,34] 10286.23
[0,35] 9587.79
[0,36] 9737.17
[0,37] 9637.69
[0,38] 11029.28
[0,39] 11416.0
[0,40] 11536.46
[0,41] 12092.35
[0,42] 9793.11
[0,43] 9080.89
[0,44] 8508.97
[0,45] 7800.0
[0,46] 6587.3
[0,47] 9500.0
[0,48] 9055.39
[0,49] 11147.31
[0,50] 11814.93
[0,51] 12470.08
[0,52] 11448.74
[0,53] 10576.98
[0,54] 10271.44
[0,55] 12254.9
[0,56] 12865.17
[0,57] 13877.65
[0,58] 12964.84
[0,59] 12747.55
[0,60] 12482.89
[0,61] 14134.44
[0,62] 14666.71
[0,63] 15157.59
[0,64] 15781.71
[0,65] 14097.61
[0,66] 13383.76
[0,67] 13237.82
[0,68] 12550.0
[0,69] 11321.66
[0,70] 16269.3
[0,71] 17936.83
[0,72] 18830.83
[0,73] 18985.52
[0,74] 10467.57
[0,75] 3605.55
[0,76] 3716.18
[1,0] 0.0
[1,1] 0.0
[1,2] 1118.03
[1,3] 3621.12
[1,4] 3891.34
[1,5] 5205.85
[1,6] 4884.33
[1,7] 4650.0
[1,8] 4975.19
[1,9] 6247.6
[1,10] 6408.0
[1,11] 8009.31
[1,12] 7803.15
[1,13] 8500.0
[1,14] 8664.44
[1,15] 9414.48
[1,16] 9521.69
[1,17] 9030.64
[1,18] 9408.11
[1,19] 6180.01
[1,20] 5561.03
[1,21] 3832.75
[1,22] 3050.0
[1,23] 1931.32
[1,24] 4750.0
[1,25] 4366.06
[1,26] 6791.54
[1,27] 7403.04
[1,28] 8290.92
[1,29] 7409.63
[1,30] 6647.18
[1,31] 6524.19
[1,32] 8487.93
[1,33] 8984.71
[1,34] 10286.23
[1,35] 9587.79
[1,36] 9737.17
[1,37] 9637.69
[1,38] 11029.28
[1,39] 11416.0
[1,40] 11536.46
[1,41] 12092.35
[1,42] 9793.11
[1,43] 9080.89
[1,44] 8508.97
[1,45] 7800.0
[1,46] 6587.3
[1,47] 9500.0
[1,48] 9055.39
[1,49] 11147.31
[1,50] 11814.93
[1,51] 12470.08
[1,52] 11448.74
[1,53] 10576.98
[1,54] 10271.44
[1,55] 12254.9
[1,56] 12865.17
[1,57] 13877.65
[1,58] 12964.84
[1,59] 12747.55
[1,60] 12482.89
[1,61] 14134.44
[1,62] 14666.71
[1,63] 15157.59
[1,64] 15781.71
[1,65] 14097.61
[1,66] 13383.76
[1,67] 13237.82
[1,68] 12550.0
[1,69] 11321.66
[1,70] 16269.3
[1,71] 17936.83
[1,72] 18830.83
[1,73] 18985.52
[1,74] 10467.57
[1,75] 3605.55
[1,76] 3716.18
[2,0] 1118.03
[2,1] 1118.03
[2,2] 0.0
[2,3] 2926.17
[2,4] 3360.43
[2,5] 4555.53
[2,6] 4049.15
[2,7] 3684.09
[2,8] 3950.0
[2,9] 5392.82
[2,10] 5640.26
[2,11] 7204.38
[2,12] 6894.0
[2,13] 7516.65
[2,14] 7650.0
[2,15] 8501.91
[2,16] 8660.98
[2,17] 8297.74
[2,18] 8727.11
[2,19] 5765.63
[2,20] 5091.66
[2,21] 4200.0
[2,22] 3688.16
[2,23] 2860.07
[2,24] 5344.39
[2,25] 4750.0
[2,26] 6806.25
[2,27] 7463.58
[2,28] 8193.98
[2,29] 7224.38
[2,30] 6394.14
[2,31] 6177.78
[2,32] 8175.88
[2,33] 8730.69
[2,34] 9915.17
[2,35] 9127.63
[2,36] 9154.92
[2,37] 9004.72
[2,38] 10490.23
[2,39] 10928.17
[2,40] 11186.6
[2,41] 11773.91
[2,42] 9782.89
[2,43] 9067.11
[2,44] 8950.0
[2,45] 8360.02
[2,46] 7252.07
[2,47] 10049.88
[2,48] 9500.0
[2,49] 11367.17
[2,50] 12051.66
[2,51] 12595.83
[2,52] 11537.45
[2,53] 10645.3
[2,54] 10288.46
[2,55] 12236.52
[2,56] 12874.88
[2,57] 13778.36
[2,58] 12815.04
[2,59] 12500.0
[2,60] 12197.23
[2,61] 13890.01
[2,62] 14455.54
[2,63] 15051.66
[2,64] 15691.16
[2,65] 14258.07
[2,66] 13550.83
[2,67] 13700.0
[2,68] 13088.26
[2,69] 11921.83
[2,70] 16886.09
[2,71] 17993.89
[2,72] 18784.3
[2,73] 18923.53
[2,74] 9360.56
[2,75] 3640.05
[2,76] 3828.84
[3,0] 3621.12
[3,1] 3621.12
[3,2] 2926.17
[3,3] 0.0
[3,4] 700.0
[3,5] 1629.44
[3,6] 1367.75
[3,7] 1627.88
[3,8] 2193.17
[3,9] 2700.0
[3,10] 2789.27
[3,11] 4398.17
[3,12] 4307.03
[3,13] 5168.41
[3,14] 5440.59
[3,15] 5900.0
[3,16] 5941.38
[3,17] 5413.41
[3,18] 5813.78
[3,19] 3001.67
[3,20] 2289.65
[3,21] 3572.46
[3,22] 3962.95
[3,23] 4208.62
[3,24] 5022.45
[3,25] 3990.61
[3,26] 4750.0
[3,27] 5450.0
[3,28] 5817.52
[3,29] 4739.91
[3,30] 3842.2
[3,31] 3488.91
[3,32] 5463.74
[3,33] 6082.15
[3,34] 7109.95
[3,35] 6255.95
[3,36] 6230.97
[3,37] 6079.68
[3,38] 7574.46
[3,39] 8031.97
[3,40] 8390.02
[3,41] 9003.47
[3,42] 7501.5
[3,43] 6806.61
[3,44] 7747.58
[3,45] 7536.08
[3,46] 6850.18
[3,47] 9080.89
[3,48] 8271.18
[3,49] 9500.0
[3,50] 10200.0
[3,51] 10495.57
[3,52] 9390.83
[3,53] 8485.28
[3,54] 8041.14
[3,55] 9876.23
[3,56] 10551.3
[3,57] 11264.28
[3,58] 10239.55
[3,59] 9801.15
[3,60] 9457.8
[3,61] 11183.02
[3,62] 11783.46
[3,63] 12514.19
[3,64] 13170.04
[3,65] 12192.62
[3,66] 11512.71
[3,67] 12345.55
[3,68] 11958.47
[3,69] 11011.93
[3,70] 15890.64
[3,71] 15686.7
[3,72] 16304.37
[3,73] 16419.88
[3,74] 7864.64
[3,75] 6470.9
[3,76] 6689.73
[4,0] 3891.34
[4,1] 3891.34
[4,2] 3360.43
[4,3] 700.0
[4,4] 0.0
[4,5] 1368.89
[4,6] 1628.05
[4,7] 2163.33
[4,8] 2745.91
[4,9] 2789.27
[4,10] 2700.0
[4,11] 4308.12
[4,12] 4396.78
[4,13] 5361.2
[4,14] 5685.95
[4,15] 5941.38
[4,16] 5900.0
[4,17] 5202.4
[4,18] 5536.24
[4,19] 2420.74
[4,20] 1732.77
[4,21] 3100.4
[4,22] 3669.47
[4,23] 4150.0
[4,24] 4539.27
[4,25] 3464.82
[4,26] 4050.0
[4,27] 4750.0
[4,28] 5139.3
[4,29] 4073.89
[4,30] 3184.73
[4,31] 2872.72
[4,32] 4867.49
[4,33] 5463.74
[4,34] 6566.38
[4,35] 5767.86
[4,36] 5848.5
[4,37] 5748.26
[4,38] 7156.29
[4,39] 7574.46
[4,40] 7842.35
[4,41] 8441.71
[4,42] 6817.07
[4,43] 6118.82
[4,44] 7086.96
[4,45] 6921.16
[4,46] 6307.54
[4,47] 8437.56
[4,48] 7605.43
[4,49] 8800.0
[4,50] 9500.0
[4,51] 9801.83
[4,52] 8698.71
[4,53] 7792.95
[4,54] 7354.59
[4,55] 9204.89
[4,56] 9876.23
[4,57] 10620.73
[4,58] 9608.83
[4,59] 9208.28
[4,60] 8881.44
[4,61] 10594.81
[4,62] 11183.02
[4,63] 11877.08
[4,64] 12529.96
[4,65] 11498.26
[4,66] 10816.77
[4,67] 11660.3
[4,68] 11290.04
[4,69] 10366.89
[4,70] 15227.03
[4,71] 15014.08
[4,72] 15658.3
[4,73] 15778.55
[4,74] 8285.08
[4,75] 6975.85
[4,76] 7179.31
[5,0] 5205.85
[5,1] 5205.85
[5,2] 4555.53
[5,3] 1629.44
[5,4] 1368.89
[5,5] 0.0
[5,6] 1115.0
[5,7] 2013.82
[5,8] 2512.3
[5,9] 1624.46
[5,10] 1362.96
[5,11] 2950.0
[5,12] 3153.1
[5,13] 4207.12
[5,14] 4592.33
[5,15] 4636.77
[5,16] 4551.75
[5,17] 3841.04
[5,18] 4202.65
[5,19] 1698.37
[5,20] 1053.17
[5,21] 4162.41
[5,22] 4914.73
[5,23] 5506.93
[5,24] 5530.59
[5,25] 4414.68
[5,26] 4073.28
[5,27] 4739.24
[5,28] 4750.0
[5,29] 3635.0
[5,30] 2746.27
[5,31] 2246.81
[5,32] 4071.29
[5,33] 4737.53
[5,34] 5593.21
[5,35] 4680.02
[5,36] 4602.87
[5,37] 4452.64
[5,38] 5952.83
[5,39] 6426.89
[5,40] 6871.32
[5,41] 7503.25
[5,42] 6443.68
[5,43] 5794.02
[5,44] 7480.79
[5,45] 7524.37
[5,46] 7135.32
[5,47] 8899.37
[5,48] 7959.33
[5,49] 8697.88
[5,50] 9389.99
[5,51] 9500.0
[5,52] 8385.0
[5,53] 7493.56
[5,54] 6993.55
[5,55] 8696.95
[5,56] 9389.13
[5,57] 9949.4
[5,58] 8887.52
[5,59] 8354.51
[5,60] 7980.44
[5,61] 9720.99
[5,62] 10344.88
[5,63] 11171.46
[5,64] 11834.71
[5,65] 11192.97
[5,66] 10543.11
[5,67] 11820.48
[5,68] 11584.58
[5,69] 10799.27
[5,70] 15528.7
[5,71] 14484.66
[5,72] 14980.79
[5,73] 15079.53
[5,74] 7431.41
[5,75] 8079.76
[5,76] 8305.08
[6,0] 4884.33
[6,1] 4884.33
[6,2] 4049.15
[6,3] 1367.75
[6,4] 1628.05
[6,5] 1115.0
[6,6] 0.0
[6,7] 905.84
[6,8] 1400.84
[6,9] 1363.8
[6,10] 1624.73
[6,11] 3155.33
[6,12] 2950.0
[6,13] 3804.29
[6,14] 4092.38
[6,15] 4552.71
[6,16] 4637.56
[6,17] 4281.1
[6,18] 4763.02
[6,19] 2810.9
[6,20] 2162.35
[6,21] 4725.93
[6,22] 5264.2
[6,23] 5576.26
[6,24] 6159.19
[6,25] 5071.95
[6,26] 5138.07
[6,27] 5816.32
[6,28] 5865.0
[6,29] 4750.0
[6,30] 3859.99
[6,31] 3360.26
[6,32] 5137.02
[6,33] 5815.39
[6,34] 6567.35
[6,35] 5590.66
[6,36] 5343.37
[6,37] 5106.52
[6,38] 6727.27
[6,39] 7258.51
[6,40] 7834.66
[6,41] 8480.29
[6,42] 7558.45
[6,43] 6908.67
[6,44] 8459.52
[6,45] 8412.24
[6,46] 7891.37
[6,47] 9855.95
[6,48] 8954.25
[6,49] 9800.7
[6,50] 10494.45
[6,51] 10615.0
[6,52] 9500.0
[6,53] 8608.34
[6,54] 8108.35
[6,55] 9800.15
[6,56] 10493.94
[6,57] 11019.49
[6,58] 9946.53
[6,59] 9367.8
[6,60] 8973.88
[6,61] 10719.62
[6,62] 11357.37
[6,63] 12229.51
[6,64] 12894.55
[6,65] 12307.89
[6,66] 11657.99
[6,67] 12880.89
[6,68] 12607.33
[6,69] 11771.9
[6,70] 16553.53
[6,71] 15578.92
[6,72] 16041.35
[6,73] 16133.62
[6,74] 6664.79
[6,75] 7379.29
[6,76] 7625.29
[7,0] 4650.0
[7,1] 4650.0
[7,2] 3684.09
[7,3] 1627.88
[7,4] 2163.33
[7,5] 2013.82
[7,6] 905.84
[7,7] 0.0
[7,8] 583.1
[7,9] 1860.11
[7,10] 2343.07
[7,11] 3697.12
[7,12] 3227.7
[7,13] 3850.0
[7,14] 4031.13
[7,15] 4827.01
[7,16] 5032.89
[7,17] 4911.72
[7,18] 5448.85
[7,19] 3712.14
[7,20] 3050.0
[7,21] 5197.36
[7,22] 5561.03
[7,23] 5644.69
[7,24] 6647.18
[7,25] 5602.23
[7,26] 5971.81
[7,27] 6659.02
[7,28] 6759.73
[7,29] 5645.05
[7,30] 4750.0
[7,31] 4260.58
[7,32] 6039.25
[7,33] 6719.56
[7,34] 7438.16
[7,35] 6438.52
[7,36] 6114.33
[7,37] 5836.31
[7,38] 7504.17
[7,39] 8061.79
[7,40] 8698.42
[7,41] 9348.93
[7,42] 8455.32
[7,43] 7800.0
[7,44] 9204.62
[7,45] 9080.89
[7,46] 8457.25
[7,47] 10576.98
[7,48] 9711.98
[7,49] 10667.71
[7,50] 11363.54
[7,51] 11509.02
[7,52] 10394.11
[7,53] 9500.0
[7,54] 9005.0
[7,55] 10705.61
[7,56] 11399.12
[7,57] 11920.94
[7,58] 10845.09
[7,59] 10250.49
[7,60] 9848.86
[7,61] 11595.26
[7,62] 12238.46
[7,63] 13127.26
[7,64] 13792.75
[7,65] 13203.41
[7,66] 12550.0
[7,67] 13695.35
[7,68] 13383.76
[7,69] 12502.5
[7,70] 17328.08
[7,71] 16484.61
[7,72] 16939.38
[7,73] 17029.46
[7,74] 6254.8
[7,75] 6766.28
[7,76] 7027.27
[8,0] 4975.19
[8,1] 4975.19
[8,2] 3950.0
[8,3] 2193.17
[8,4] 2745.91
[8,5] 2512.3
[8,6] 1400.84
[8,7] 583.1
[8,8] 0.0
[8,9] 2000.0
[8,10] 2594.22
[8,11] 3762.57
[8,12] 3128.72
[8,13] 3585.04
[8,14] 3700.0
[8,15] 4681.88
[8,16] 4964.88
[8,17] 5020.46
[8,18] 5597.32
[8,19] 4200.0
[8,20] 3562.65
[8,21] 5765.63
[8,22] 6091.39
[8,23] 6100.2
[8,24] 7215.61
[8,25] 6177.78
[8,26] 6524.76
[8,27] 7207.81
[8,28] 7259.49
[8,29] 6144.78
[8,30] 5258.56
[8,31] 4750.0
[8,32] 6462.39
[8,33] 7151.4
[8,34] 7782.31
[8,35] 6750.95
[8,36] 6337.59
[8,37] 6021.0
[8,38] 7725.44
[8,39] 8310.39
[8,40] 9027.32
[8,41] 9684.65
[8,42] 8950.0
[8,43] 8305.42
[8,44] 9782.89
[8,45] 9663.98
[8,46] 9034.66
[8,47] 11158.07
[8,48] 10288.46
[8,49] 11200.89
[8,50] 11894.96
[8,51] 12008.9
[8,52] 10894.01
[8,53] 10004.5
[8,54] 9500.0
[8,55] 11164.68
[8,56] 11860.86
[8,57] 12332.76
[8,58] 11246.64
[8,59] 10611.43
[8,60] 10195.1
[8,61] 11940.27
[8,62] 12593.65
[8,63] 13524.24
[8,64] 14190.84
[8,65] 13700.0
[8,66] 13053.45
[8,67] 14258.07
[8,68] 13957.26
[8,69] 13082.91
[8,70] 17902.3
[8,71] 16924.91
[8,72] 17335.3
[8,73] 17418.17
[8,74] 5736.94
[8,75] 6799.45
[8,76] 7071.95
[9,0] 6247.6
[9,1] 6247.6
[9,2] 5392.82
[9,3] 2700.0
[9,4] 2789.27
[9,5] 1624.46
[9,6] 1363.8
[9,7] 1860.11
[9,8] 2000.0
[9,9] 0.0
[9,10] 700.0
[9,11] 1843.29
[9,12] 1615.45
[9,13] 2594.71
[9,14] 2968.16
[9,15] 3200.0
[9,16] 3275.67
[9,17] 3053.69
[9,18] 3606.94
[9,19] 2863.56
[9,20] 2460.18
[9,21] 5769.1
[9,22] 6451.74
[9,23] 6885.67
[9,24] 7151.57
[9,25] 6036.97
[9,26] 5463.74
[9,27] 6082.15
[9,28] 5816.13
[9,29] 4738.77
[9,30] 3946.2
[9,31] 3370.83
[9,32] 4750.0
[9,33] 5450.0
[9,34] 5882.62
[9,35] 4816.24
[9,36] 4341.08
[9,37] 4021.5
[9,38] 5727.35
[9,39] 6320.01
[9,40] 7100.18
[9,41] 7763.54
[9,42] 7447.31
[9,43] 6865.86
[9,44] 8974.69
[9,45] 9094.64
[9,46] 8753.57
[9,47] 10410.69
[9,48] 9430.4
[9,49] 9876.23
[9,50] 10551.3
[9,51] 10494.8
[9,52] 9390.26
[9,53] 8532.88
[9,54] 7990.62
[9,55] 9500.0
[9,56] 10200.0
[9,57] 10532.7
[9,58] 9429.09
[9,59] 8722.53
[9,60] 8286.13
[9,61] 10024.47
[9,62] 10690.18
[9,63] 11688.67
[9,64] 12355.57
[9,65] 12159.36
[9,66] 11547.84
[9,67] 13150.38
[9,68] 12997.12
[9,69] 12286.68
[9,70] 16927.27
[9,71] 15179.34
[9,72] 15489.11
[9,73] 15558.68
[9,74] 5857.69
[9,75] 8618.15
[9,76] 8875.39
[10,0] 6408.0
[10,1] 6408.0
[10,2] 5640.26
[10,3] 2789.27
[10,4] 2700.0
[10,5] 1362.96
[10,6] 1624.73
[10,7] 2343.07
[10,8] 2594.22
[10,9] 700.0
[10,10] 0.0
[10,11] 1616.7
[10,12] 1841.43
[10,13] 2960.15
[10,14] 3397.06
[10,15] 3275.67
[10,16] 3200.0
[10,17] 2661.77
[10,18] 3140.06
[10,19] 2247.22
[10,20] 1952.56
[10,21] 5489.31
[10,22] 6275.75
[10,23] 6850.0
[10,24] 6820.92
[10,25] 5703.07
[10,26] 4867.49
[10,27] 5463.74
[10,28] 5137.72
[10,29] 4072.56
[10,30] 3309.46
[10,31] 2728.09
[10,32] 4050.0
[10,33] 4750.0
[10,34] 5212.6
[10,35] 4162.62
[10,36] 3771.6
[10,37] 3500.36
[10,38] 5161.64
[10,39] 5727.35
[10,40] 6443.8
[10,41] 7104.4
[10,42] 6757.4
[10,43] 6184.66
[10,44] 8411.0
[10,45] 8592.0
[10,46] 8335.77
[10,47] 9854.57
[10,48] 8852.26
[10,49] 9204.89
[10,50] 9876.23
[10,51] 9801.0
[10,52] 8698.09
[10,53] 7844.74
[10,54] 7299.32
[10,55] 8800.0
[10,56] 9500.0
[10,57] 9841.43
[10,58] 8740.07
[10,59] 8050.62
[10,60] 7621.68
[10,61] 9363.76
[10,62] 10024.47
[10,63] 11003.86
[10,64] 11670.9
[10,65] 11462.98
[10,66] 10854.15
[10,67] 12509.3
[10,68] 12384.87
[10,69] 11712.07
[10,70] 16305.9
[10,71] 14483.18
[10,72] 14807.51
[10,73] 14880.27
[10,74] 6411.12
[10,75] 9003.47
[10,76] 9250.0
[11,0] 8009.31
[11,1] 8009.31
[11,2] 7204.38
[11,3] 4398.17
[11,4] 4308.12
[11,5] 2950.0
[11,6] 3155.33
[11,7] 3697.12
[11,8] 3762.57
[11,9] 1843.29
[11,10] 1616.7
[11,11] 0.0
[11,12] 1118.0
[11,13] 2144.32
[11,14] 2665.47
[11,15] 1838.07
[11,16] 1610.75
[11,17] 1280.47
[11,18] 1913.3
[11,19] 3273.06
[11,20] 3272.65
[11,21] 6961.26
[11,22] 7822.44
[11,23] 8455.61
[11,24] 8222.93
[11,25] 7114.82
[11,26] 5767.27
[11,27] 6255.19
[11,28] 5589.81
[11,29] 4680.5
[11,30] 4139.59
[11,31] 3588.09
[11,32] 4161.15
[11,33] 4814.69
[11,34] 4750.0
[11,35] 3632.0
[11,36] 2840.0
[11,37] 2412.93
[11,38] 4158.85
[11,39] 4812.69
[11,40] 5837.99
[11,41] 6502.17
[11,42] 7023.56
[11,43] 6569.07
[11,44] 9331.48
[11,45] 9676.42
[11,46] 9595.04
[11,47] 10780.03
[11,48] 9719.21
[11,49] 9607.49
[11,50] 10238.16
[11,51] 9945.58
[11,52] 8887.24
[11,53] 8107.32
[11,54] 7531.06
[11,55] 8738.29
[11,56] 9427.29
[11,57] 9500.0
[11,58] 8382.0
[11,59] 7527.16
[11,60] 7047.32
[11,61] 8737.19
[11,62] 9426.27
[11,63] 10566.44
[11,64] 11225.89
[11,65] 11535.72
[11,66] 10987.27
[11,67] 13069.78
[11,68] 13084.37
[11,69] 12560.15
[11,70] 16940.31
[11,71] 14190.1
[11,72] 14309.7
[11,73] 14351.51
[11,74] 5820.46
[11,75] 10460.61
[11,76] 10718.49
[12,0] 7803.15
[12,1] 7803.15
[12,2] 6894.0
[12,3] 4307.03
[12,4] 4396.78
[12,5] 3153.1
[12,6] 2950.0
[12,7] 3227.7
[12,8] 3128.72
[12,9] 1615.45
[12,10] 1841.43
[12,11] 1118.0
[12,12] 0.0
[12,13] 1164.12
[12,14] 1656.52
[12,15] 1611.48
[12,16] 1837.95
[12,17] 2283.96
[12,18] 2948.1
[12,19] 3966.87
[12,20] 3778.81
[12,21] 7312.62
[12,22] 8046.77
[12,23] 8500.63
[12,24] 8658.96
[12,25] 7540.93
[12,26] 6564.22
[12,27] 7107.75
[12,28] 6565.56
[12,29] 5592.36
[12,30] 4950.41
[12,31] 4373.48
[12,32] 5210.39
[12,33] 5880.42
[12,34] 5868.0
[12,35] 4750.0
[12,36] 3929.84
[12,37] 3476.0
[12,38] 5209.16
[12,39] 5879.33
[12,40] 6948.38
[12,41] 7611.16
[12,42] 8060.68
[12,43] 7572.51
[12,44] 10134.74
[12,45] 10383.35
[12,46] 10171.0
[12,47] 11584.09
[12,48] 10551.26
[12,49] 10618.5
[12,50] 11262.05
[12,51] 11017.99
[12,52] 9948.44
[12,53] 9149.87
[12,54] 8578.51
[12,55] 9839.29
[12,56] 10530.57
[12,57] 10618.0
[12,58] 9500.0
[12,59] 8640.44
[12,60] 8157.58
[12,61] 9838.64
[12,62] 10529.96
[12,63] 11681.97
[12,64] 12340.72
[12,65] 12622.92
[12,66] 12063.64
[12,67] 14038.39
[12,68] 14000.09
[12,69] 13407.56
[12,70] 17886.71
[12,71] 15308.09
[12,72] 15419.14
[12,73] 15457.97
[12,74] 4799.5
[12,75] 9927.72
[12,76] 10199.06
[13,0] 8500.0
[13,1] 8500.0
[13,2] 7516.65
[13,3] 5168.41
[13,4] 5361.2
[13,5] 4207.12
[13,6] 3804.29
[13,7] 3850.0
[13,8] 3585.04
[13,9] 2594.71
[13,10] 2960.15
[13,11] 2144.32
[13,12] 1164.12
[13,13] 0.0
[13,14] 522.02
[13,15] 1390.14
[13,16] 1990.6
[13,17] 3050.0
[13,18] 3703.04
[13,19] 5127.62
[13,20] 4911.72
[13,21] 8363.01
[13,22] 9030.64
[13,23] 9374.43
[13,24] 9737.17
[13,25] 8620.47
[13,26] 7728.2
[13,27] 8270.73
[13,28] 7703.14
[13,29] 6746.75
[13,30] 6114.33
[13,31] 5537.6
[13,32] 6304.36
[13,33] 6958.81
[13,34] 6801.15
[13,35] 5691.37
[13,36] 4750.0
[13,37] 4252.65
[13,38] 5911.43
[13,39] 6604.92
[13,40] 7800.0
[13,41] 8451.33
[13,42] 9165.42
[13,43] 8698.42
[13,44] 11298.34
[13,45] 11536.46
[13,46] 11293.47
[13,47] 12747.55
[13,48] 11715.37
[13,49] 11741.49
[13,50] 12377.1
[13,51] 12087.26
[13,52] 11031.3
[13,53] 10250.49
[13,54] 9674.84
[13,55] 10857.37
[13,56] 11541.77
[13,57] 11534.21
[13,58] 10418.89
[13,59] 9500.0
[13,60] 9001.25
[13,61] 10634.03
[13,62] 11331.92
[13,63] 12550.0
[13,64] 13200.85
[13,65] 13669.03
[13,66] 13127.26
[13,67] 15181.9
[13,68] 15157.59
[13,69] 14571.55
[13,70] 19037.86
[13,71] 16219.74
[13,72] 16237.3
[13,73] 16260.38
[13,74] 3676.96
[13,75] 10278.62
[13,76] 10562.2
[14,0] 8664.44
[14,1] 8664.44
[14,2] 7650.0
[14,3] 5440.59
[14,4] 5685.95
[14,5] 4592.33
[14,6] 4092.38
[14,7] 4031.13
[14,8] 3700.0
[14,9] 2968.16
[14,10] 3397.06
[14,11] 2665.47
[14,12] 1656.52
[14,13] 522.02
[14,14] 0.0
[14,15] 1746.42
[14,16] 2404.16
[14,17] 3553.17
[14,18] 4200.0
[14,19] 5597.32
[14,20] 5348.13
[14,21] 8727.11
[14,22] 9350.13
[14,23] 9628.73
[14,24] 10118.55
[14,25] 9004.72
[14,26] 8207.47
[14,27] 8760.28
[14,28] 8214.5
[14,29] 7248.69
[14,30] 6600.19
[14,31] 6021.0
[14,32] 6824.4
[14,33] 7480.14
[14,34] 7315.2
[14,35] 6207.3
[14,36] 5252.14
[14,37] 4750.0
[14,38] 6388.47
[14,39] 7084.67
[14,40] 8301.36
[14,41] 8950.0
[14,42] 9684.65
[14,43] 9213.58
[14,44] 11773.91
[14,45] 11988.01
[14,46] 11710.04
[14,47] 13222.05
[14,48] 12197.23
[14,49] 12257.65
[14,50] 12894.96
[14,51] 12609.18
[14,52] 11552.69
[14,53] 10770.33
[14,54] 10195.1
[14,55] 11378.05
[14,56] 12061.92
[14,57] 12043.45
[14,58] 10928.96
[14,59] 10001.12
[14,60] 9500.0
[14,61] 11122.05
[14,62] 11820.74
[14,63] 13050.86
[14,64] 13700.0
[14,65] 14190.84
[14,66] 13649.27
[14,67] 15691.16
[14,68] 15656.47
[14,69] 15055.31
[14,70] 19542.58
[14,71] 16727.0
[14,72] 16727.0
[14,73] 16746.72
[14,74] 3157.93
[14,75] 10268.03
[14,76] 10556.16
[15,0] 9414.48
[15,1] 9414.48
[15,2] 8501.91
[15,3] 5900.0
[15,4] 5941.38
[15,5] 4636.77
[15,6] 4552.71
[15,7] 4827.01
[15,8] 4681.88
[15,9] 3200.0
[15,10] 3275.67
[15,11] 1838.07
[15,12] 1611.48
[15,13] 1390.14
[15,14] 1746.42
[15,15] 0.0
[15,16] 700.0
[15,17] 2127.2
[15,18] 2692.58
[15,19] 5110.77
[15,20] 5088.47
[15,21] 8745.43
[15,22] 9551.18
[15,23] 10074.35
[15,24] 10037.18
[15,25] 8924.4
[15,26] 7574.46
[15,27] 8031.97
[15,28] 7258.66
[15,29] 6428.31
[15,30] 5950.84
[15,31] 5411.33
[15,32] 5727.35
[15,33] 6320.01
[15,34] 5880.99
[15,35] 4814.91
[15,36] 3747.67
[15,37] 3226.84
[15,38] 4750.0
[15,39] 5450.0
[15,40] 6753.7
[15,41] 7383.26
[15,42] 8566.36
[15,43] 8184.13
[15,44] 11124.07
[15,45] 11502.72
[15,46] 11432.63
[15,47] 12569.11
[15,48] 11494.89
[15,49] 11183.02
[15,50] 11783.46
[15,51] 11357.89
[15,52] 10346.21
[15,53] 9625.49
[15,54] 9042.68
[15,55] 10024.47
[15,56] 10690.18
[15,57] 10531.79
[15,58] 9428.41
[15,59] 8442.9
[15,60] 7930.95
[15,61] 9500.0
[15,62] 10200.0
[15,63] 11481.51
[15,64] 12120.23
[15,65] 12875.17
[15,66] 12377.1
[15,67] 14701.45
[15,68] 14782.59
[15,69] 14319.31
[15,70] 18593.88
[15,71] 15189.88
[15,72] 15102.07
[15,73] 15110.01
[15,74] 4533.49
[15,75] 11469.63
[15,76] 11746.17
[16,0] 9521.69
[16,1] 9521.69
[16,2] 8660.98
[16,3] 5941.38
[16,4] 5900.0
[16,5] 4551.75
[16,6] 4637.56
[16,7] 5032.89
[16,8] 4964.88
[16,9] 3275.67
[16,10] 3200.0
[16,11] 1610.75
[16,12] 1837.95
[16,13] 1990.6
[16,14] 2404.16
[16,15] 700.0
[16,16] 0.0
[16,17] 1511.62
[16,18] 2024.85
[16,19] 4792.7
[16,20] 4863.38
[16,21] 8563.44
[16,22] 9433.19
[16,23] 10050.0
[16,24] 9804.34
[16,25] 8702.01
[16,26] 7156.29
[16,27] 7574.46
[16,28] 6727.33
[16,29] 5954.24
[16,30] 5549.1
[16,31] 5036.12
[16,32] 5161.64
[16,33] 5727.35
[16,34] 5210.76
[16,35] 4161.08
[16,36] 3070.02
[16,37] 2548.04
[16,38] 4050.0
[16,39] 4750.0
[16,40] 6059.91
[16,41] 6686.74
[16,42] 7973.86
[16,43] 7621.68
[16,44] 10674.5
[16,45] 11109.57
[16,46] 11115.98
[16,47] 12112.49
[16,48] 11025.54
[16,49] 10594.81
[16,50] 11183.02
[16,51] 10720.1
[16,52] 9722.34
[16,53] 9021.09
[16,54] 8438.01
[16,55] 9363.76
[16,56] 10024.47
[16,57] 9840.45
[16,58] 8739.34
[16,59] 7746.77
[16,60] 7233.95
[16,61] 8800.0
[16,62] 9500.0
[16,63] 10783.55
[16,64] 11421.47
[16,65] 12219.66
[16,66] 11732.54
[16,67] 14130.91
[16,68] 14247.28
[16,69] 13829.41
[16,70] 18030.04
[16,71] 14494.22
[16,72] 14402.17
[16,73] 14410.5
[16,74] 5229.01
[16,75] 11761.91
[16,76] 12031.73
[17,0] 9030.64
[17,1] 9030.64
[17,2] 8297.74
[17,3] 5413.41
[17,4] 5202.4
[17,5] 3841.04
[17,6] 4281.1
[17,7] 4911.72
[17,8] 5020.46
[17,9] 3053.69
[17,10] 2661.77
[17,11] 1280.47
[17,12] 2283.96
[17,13] 3050.0
[17,14] 3553.17
[17,15] 2127.2
[17,16] 1511.62
[17,17] 0.0
[17,18] 667.08
[17,19] 3609.02
[17,20] 3850.0
[17,21] 7528.11
[17,22] 8500.0
[17,23] 9284.53
[17,24] 8668.33
[17,25] 7595.39
[17,26] 5774.3
[17,27] 6144.31
[17,28] 5236.13
[17,29] 4516.51
[17,30] 4208.62
[17,31] 3747.33
[17,32] 3655.48
[17,33] 4215.74
[17,34] 3784.46
[17,35] 2697.77
[17,36] 1700.0
[17,37] 1209.34
[17,38] 2926.17
[17,39] 3601.74
[17,40] 4750.0
[17,41] 5402.08
[17,42] 6462.39
[17,43] 6114.33
[17,44] 9241.75
[17,45] 9737.17
[17,46] 9843.27
[17,47] 10670.17
[17,48] 9573.53
[17,49] 9083.23
[17,50] 9672.9
[17,51] 9230.69
[17,52] 8221.61
[17,53] 7511.66
[17,54] 6928.56
[17,55] 7907.28
[17,56] 8578.17
[17,57] 8492.92
[17,58] 7380.0
[17,59] 6450.0
[17,60] 5951.89
[17,61] 7597.7
[17,62] 8293.67
[17,63] 9500.0
[17,64] 10151.11
[17,65] 10752.91
[17,66] 10250.49
[17,67] 12620.32
[17,68] 12747.55
[17,69] 12357.29
[17,70] 16520.37
[17,71] 13174.31
[17,72] 13195.93
[17,73] 13224.31
[17,74] 6600.19
[17,75] 11648.71
[17,76] 11899.68
[18,0] 9408.11
[18,1] 9408.11
[18,2] 8727.11
[18,3] 5813.78
[18,4] 5536.24
[18,5] 4202.65
[18,6] 4763.02
[18,7] 5448.85
[18,8] 5597.32
[18,9] 3606.94
[18,10] 3140.06
[18,11] 1913.3
[18,12] 2948.1
[18,13] 3703.04
[18,14] 4200.0
[18,15] 2692.58
[18,16] 2024.85
[18,17] 667.08
[18,18] 0.0
[18,19] 3700.0
[18,20] 4052.47
[18,21] 7650.0
[18,22] 8674.39
[18,23] 9541.1
[18,24] 8713.5
[18,25] 7669.75
[18,26] 5626.94
[18,27] 5929.8
[18,28] 4914.34
[18,29] 4310.73
[18,30] 4135.52
[18,31] 3740.66
[18,32] 3297.35
[18,33] 3791.11
[18,34] 3188.76
[18,35] 2139.57
[18,36] 1060.66
[18,37] 550.0
[18,38] 2261.08
[18,39] 2934.71
[18,40] 4102.74
[18,41] 4750.0
[18,42] 6021.0
[18,43] 5728.0
[18,44] 9004.72
[18,45] 9572.49
[18,46] 9774.71
[18,47] 10414.53
[18,48] 9306.58
[18,49] 8640.02
[18,50] 9208.69
[18,51] 8704.27
[18,52] 7720.32
[18,53] 7045.57
[18,54] 6463.75
[18,55] 7338.94
[18,56] 8000.62
[18,57] 7861.34
[18,58] 6751.98
[18,59] 5801.94
[18,60] 5300.0
[18,61] 6935.42
[18,62] 7632.17
[18,63] 8851.27
[18,64] 9500.0
[18,65] 10195.1
[18,66] 9711.98
[18,67] 12197.23
[18,68] 12375.18
[18,69] 12049.17
[18,70] 16101.94
[18,71] 12536.05
[18,72] 12536.05
[18,73] 12562.34
[18,74] 7209.2
[18,75] 12142.18
[18,76] 12386.79
[19,0] 6180.01
[19,1] 6180.01
[19,2] 5765.63
[19,3] 3001.67
[19,4] 2420.74
[19,5] 1698.37
[19,6] 2810.9
[19,7] 3712.14
[19,8] 4200.0
[19,9] 2863.56
[19,10] 2247.22
[19,11] 3273.06
[19,12] 3966.87
[19,13] 5127.62
[19,14] 5597.32
[19,15] 5110.77
[19,16] 4792.7
[19,17] 3609.02
[19,18] 3700.0
[19,19] 0.0
[19,20] 715.89
[19,21] 3950.0
[19,22] 4992.49
[19,23] 5960.91
[19,24] 5060.14
[19,25] 3988.11
[19,26] 2621.55
[19,27] 3220.64
[19,28] 3061.53
[19,29] 1948.63
[19,30] 1092.02
[19,31] 550.0
[19,32] 2462.21
[19,33] 3092.33
[19,34] 4149.75
[19,35] 3409.19
[19,36] 3702.03
[19,37] 3740.66
[19,38] 4897.19
[19,39] 5242.38
[19,40] 5423.33
[19,41] 6021.0
[19,42] 4750.0
[19,43] 4110.96
[19,44] 6177.78
[19,45] 6427.48
[19,46] 6328.11
[19,47] 7625.12
[19,48] 6610.03
[19,49] 7061.16
[19,50] 7746.61
[19,51] 7809.38
[19,52] 6694.64
[19,53] 5807.75
[19,54] 5300.0
[19,55] 7003.57
[19,56] 7694.15
[19,57] 8297.77
[19,58] 7254.93
[19,59] 6800.18
[19,60] 6463.75
[19,61] 8183.52
[19,62] 8781.8
[19,63] 9535.46
[19,64] 10195.1
[19,65] 9500.0
[19,66] 8855.08
[19,67] 10288.46
[19,68] 10140.27
[19,69] 9470.08
[19,70] 14066.01
[19,71] 12798.93
[19,72] 13336.88
[19,73] 13444.42
[19,74] 8655.2
[19,75] 9393.22
[19,76] 9592.31
[20,0] 5561.03
[20,1] 5561.03
[20,2] 5091.66
[20,3] 2289.65
[20,4] 1732.77
[20,5] 1053.17
[20,6] 2162.35
[20,7] 3050.0
[20,8] 3562.65
[20,9] 2460.18
[20,10] 1952.56
[20,11] 3272.65
[20,12] 3778.81
[20,13] 4911.72
[20,14] 5348.13
[20,15] 5088.47
[20,16] 4863.38
[20,17] 3850.0
[20,18] 4052.47
[20,19] 715.89
[20,20] 0.0
[20,21] 3707.42
[20,22] 4650.0
[20,23] 5494.09
[20,24] 4951.01
[20,25] 3842.2
[20,26] 3046.31
[20,27] 3700.0
[20,28] 3711.16
[20,29] 2597.45
[20,30] 1700.0
[20,31] 1236.93
[20,32] 3176.48
[20,33] 3807.89
[20,34] 4836.6
[20,35] 4042.38
[20,36] 4208.62
[20,37] 4176.12
[20,38] 5470.83
[20,39] 5860.03
[20,40] 6114.33
[20,41] 6720.12
[20,42] 5408.33
[20,43] 4750.0
[20,44] 6517.86
[20,45] 6647.18
[20,46] 6393.16
[20,47] 7951.41
[20,48] 6980.33
[20,49] 7644.77
[20,50] 8336.82
[20,51] 8459.38
[20,52] 7344.57
[20,53] 6450.0
[20,54] 5957.56
[20,55] 7697.56
[20,56] 8385.25
[20,57] 9011.12
[20,58] 7970.41
[20,59] 7511.66
[20,60] 7169.55
[20,61] 8893.4
[20,62] 9494.87
[20,63] 10250.49
[20,64] 10909.74
[20,65] 10154.43
[20,66] 9500.0
[20,67] 10786.33
[20,68] 10576.98
[20,69] 9832.85
[20,70] 14517.06
[20,71] 13499.07
[20,72] 14050.8
[20,73] 14159.27
[20,74] 8316.55
[20,75] 8707.76
[20,76] 8912.07
[21,0] 3832.75
[21,1] 3832.75
[21,2] 4200.0
[21,3] 3572.46
[21,4] 3100.4
[21,5] 4162.41
[21,6] 4725.93
[21,7] 5197.36
[21,8] 5765.63
[21,9] 5769.1
[21,10] 5489.31
[21,11] 6961.26
[21,12] 7312.62
[21,13] 8363.01
[21,14] 8727.11
[21,15] 8745.43
[21,16] 8563.44
[21,17] 7528.11
[21,18] 7650.0
[21,19] 3950.0
[21,20] 3707.42
[21,21] 0.0
[21,22] 1192.69
[21,23] 2549.51
[21,24] 1450.0
[21,25] 550.0
[21,26] 3259.6
[21,27] 3758.32
[21,28] 4879.98
[21,29] 4269.71
[21,30] 3798.03
[21,31] 3988.11
[21,32] 5580.77
[21,33] 5886.0
[21,34] 7413.95
[21,35] 7025.73
[21,36] 7573.14
[21,37] 7669.75
[21,38] 8622.35
[21,39] 8822.98
[21,40] 8547.51
[21,41] 9004.72
[21,42] 6177.78
[21,43] 5489.31
[21,44] 4750.0
[21,45] 4220.19
[21,46] 3318.51
[21,47] 5885.58
[21,48] 5300.0
[21,49] 7322.06
[21,50] 7985.14
[21,51] 8684.91
[21,52] 7697.5
[21,53] 6852.92
[21,54] 6610.03
[21,55] 8610.02
[21,56] 9180.55
[21,57] 10324.68
[21,58] 9506.44
[21,59] 9481.03
[21,60] 9306.58
[21,61] 10832.01
[21,62] 11290.81
[21,63] 11600.54
[21,64] 12197.23
[21,65] 10288.46
[21,66] 9573.14
[21,67] 9500.0
[21,68] 8906.32
[21,69] 7787.81
[21,70] 12747.55
[21,71] 14182.38
[21,72] 15172.67
[21,73] 15344.71
[21,74] 11385.08
[21,75] 7433.03
[21,76] 7527.28
[22,0] 3050.0
[22,1] 3050.0
[22,2] 3688.16
[22,3] 3962.95
[22,4] 3669.47
[22,5] 4914.73
[22,6] 5264.2
[22,7] 5561.03
[22,8] 6091.39
[22,9] 6451.74
[22,10] 6275.75
[22,11] 7822.44
[22,12] 8046.77
[22,13] 9030.64
[22,14] 9350.13
[22,15] 9551.18
[22,16] 9433.19
[22,17] 8500.0
[22,18] 8674.39
[22,19] 4992.49
[22,20] 4650.0
[22,21] 1192.69
[22,22] 0.0
[22,23] 1432.65
[22,24] 1700.0
[22,25] 1562.05
[22,26] 4443.25
[22,27] 4914.52
[22,28] 6067.79
[22,29] 5457.37
[22,30] 4951.01
[22,31] 5093.38
[22,32] 6757.4
[22,33] 7076.19
[22,34] 8594.95
[22,35] 8173.86
[22,36] 8668.33
[22,37] 8732.84
[22,38] 9760.25
[22,39] 9983.61
[22,40] 9737.17
[22,41] 10197.18
[22,42] 7325.47
[22,43] 6647.18
[22,44] 5491.81
[22,45] 4750.0
[22,46] 3569.31
[22,47] 6450.0
[22,48] 6033.45
[22,49] 8300.9
[22,50] 8942.32
[22,51] 9726.59
[22,52] 8773.76
[22,53] 7951.41
[22,54] 7739.83
[22,55] 9737.81
[22,56] 10290.04
[22,57] 11475.22
[22,58] 10677.01
[22,59] 10670.17
[22,60] 10498.81
[22,61] 12017.7
[22,62] 12469.36
[22,63] 12747.55
[22,64] 13335.85
[22,65] 11292.7
[22,66] 10576.98
[22,67] 10199.14
[22,68] 9500.0
[22,69] 8279.64
[22,70] 13235.27
[22,71] 15238.52
[22,72] 16281.35
[22,73] 16460.03
[22,74] 11815.77
[22,75] 6560.68
[22,76] 6622.12
[23,0] 1931.32
[23,1] 1931.32
[23,2] 2860.07
[23,3] 4208.62
[23,4] 4150.0
[23,5] 5506.93
[23,6] 5576.26
[23,7] 5644.69
[23,8] 6100.2
[23,9] 6885.67
[23,10] 6850.0
[23,11] 8455.61
[23,12] 8500.63
[23,13] 9374.43
[23,14] 9628.73
[23,15] 10074.35
[23,16] 10050.0
[23,17] 9284.53
[23,18] 9541.1
[23,19] 5960.91
[23,20] 5494.09
[23,21] 2549.51
[23,22] 1432.65
[23,23] 0.0
[23,24] 3031.91
[23,25] 2982.03
[23,26] 5798.71
[23,27] 6307.54
[23,28] 7407.08
[23,29] 6711.23
[23,30] 6109.42
[23,31] 6158.33
[23,32] 7957.7
[23,33] 8335.77
[23,34] 9800.76
[23,35] 9284.25
[23,36] 9661.39
[23,37] 9665.66
[23,38] 10835.36
[23,39] 11115.98
[23,40] 10983.62
[23,41] 11473.67
[23,42] 8726.11
[23,43] 8038.81
[23,44] 6863.85
[23,45] 6040.7
[23,46] 4750.0
[23,47] 7731.75
[23,48] 7397.97
[23,49] 9729.47
[23,50] 10366.89
[23,51] 11159.22
[23,52] 10203.51
[23,53] 9376.17
[23,54] 9152.19
[23,55] 11151.79
[23,56] 11712.07
[23,57] 12873.9
[23,58] 12052.33
[23,59] 11997.08
[23,60] 11800.95
[23,61] 13358.24
[23,62] 13829.41
[23,63] 14149.29
[23,64] 14743.9
[23,65] 12723.31
[23,66] 12007.71
[23,67] 11526.06
[23,68] 10772.77
[23,69] 9500.0
[23,70] 14422.21
[23,71] 16670.93
[23,72] 17704.52
[23,73] 17880.72
[23,74] 11806.78
[23,75] 5223.98
[23,76] 5261.18
[24,0] 4750.0
[24,1] 4750.0
[24,2] 5344.39
[24,3] 5022.45
[24,4] 4539.27
[24,5] 5530.59
[24,6] 6159.19
[24,7] 6647.18
[24,8] 7215.61
[24,9] 7151.57
[24,10] 6820.92
[24,11] 8222.93
[24,12] 8658.96
[24,13] 9737.17
[24,14] 10118.55
[24,15] 10037.18
[24,16] 9804.34
[24,17] 8668.33
[24,18] 8713.5
[24,19] 5060.14
[24,20] 4951.01
[24,21] 1450.0
[24,22] 1700.0
[24,23] 3031.91
[24,24] 0.0
[24,25] 1118.03
[24,26] 3621.12
[24,27] 3891.34
[24,28] 5205.85
[24,29] 4884.33
[24,30] 4650.0
[24,31] 4975.19
[24,32] 6247.6
[24,33] 6408.0
[24,34] 8009.31
[24,35] 7803.15
[24,36] 8500.0
[24,37] 8664.44
[24,38] 9414.48
[24,39] 9521.69
[24,40] 9030.64
[24,41] 9408.11
[24,42] 6180.01
[24,43] 5561.03
[24,44] 3832.75
[24,45] 3050.0
[24,46] 1931.32
[24,47] 4750.0
[24,48] 4366.06
[24,49] 6791.54
[24,50] 7403.04
[24,51] 8290.92
[24,52] 7409.63
[24,53] 6647.18
[24,54] 6524.19
[24,55] 8487.93
[24,56] 8984.71
[24,57] 10286.23
[24,58] 9587.79
[24,59] 9737.17
[24,60] 9637.69
[24,61] 11029.28
[24,62] 11416.0
[24,63] 11536.46
[24,64] 12092.35
[24,65] 9793.11
[24,66] 9080.89
[24,67] 8508.97
[24,68] 7800.0
[24,69] 6587.3
[24,70] 11547.84
[24,71] 13798.28
[24,72] 14941.97
[24,73] 15136.46
[24,74] 12823.12
[24,75] 8237.87
[24,76] 8286.89
[25,0] 4366.06
[25,1] 4366.06
[25,2] 4750.0
[25,3] 3990.61
[25,4] 3464.82
[25,5] 4414.68
[25,6] 5071.95
[25,7] 5602.23
[25,8] 6177.78
[25,9] 6036.97
[25,10] 5703.07
[25,11] 7114.82
[25,12] 7540.93
[25,13] 8620.47
[25,14] 9004.72
[25,15] 8924.4
[25,16] 8702.01
[25,17] 7595.39
[25,18] 7669.75
[25,19] 3988.11
[25,20] 3842.2
[25,21] 550.0
[25,22] 1562.05
[25,23] 2982.03
[25,24] 1118.03
[25,25] 0.0
[25,26] 2926.17
[25,27] 3360.43
[25,28] 4555.53
[25,29] 4049.15
[25,30] 3684.09
[25,31] 3950.0
[25,32] 5392.82
[25,33] 5640.26
[25,34] 7204.38
[25,35] 6894.0
[25,36] 7516.65
[25,37] 7650.0
[25,38] 8501.91
[25,39] 8660.98
[25,40] 8297.74
[25,41] 8727.11
[25,42] 5765.63
[25,43] 5091.66
[25,44] 4200.0
[25,45] 3688.16
[25,46] 2860.07
[25,47] 5344.39
[25,48] 4750.0
[25,49] 6806.25
[25,50] 7463.58
[25,51] 8193.98
[25,52] 7224.38
[25,53] 6394.14
[25,54] 6177.78
[25,55] 8175.88
[25,56] 8730.69
[25,57] 9915.17
[25,58] 9127.63
[25,59] 9154.92
[25,60] 9004.72
[25,61] 10490.23
[25,62] 10928.17
[25,63] 11186.6
[25,64] 11773.91
[25,65] 9782.89
[25,66] 9067.11
[25,67] 8950.0
[25,68] 8360.02
[25,69] 7252.07
[25,70] 12208.71
[25,71] 13700.09
[25,72] 14722.86
[25,73] 14900.08
[25,74] 11735.95
[25,75] 7960.06
[25,76] 8048.14
[26,0] 6791.54
[26,1] 6791.54
[26,2] 6806.25
[26,3] 4750.0
[26,4] 4050.0
[26,5] 4073.28
[26,6] 5138.07
[26,7] 5971.81
[26,8] 6524.76
[26,9] 5463.74
[26,10] 4867.49
[26,11] 5767.27
[26,12] 6564.22
[26,13] 7728.2
[26,14] 8207.47
[26,15] 7574.46
[26,16] 7156.29
[26,17] 5774.3
[26,18] 5626.94
[26,19] 2621.55
[26,20] 3046.31
[26,21] 3259.6
[26,22] 4443.25
[26,23] 5798.71
[26,24] 3621.12
[26,25] 2926.17
[26,26] 0.0
[26,27] 700.0
[26,28] 1629.44
[26,29] 1367.75
[26,30] 1627.88
[26,31] 2193.17
[26,32] 2700.0
[26,33] 2789.27
[26,34] 4398.17
[26,35] 4307.03
[26,36] 5168.41
[26,37] 5440.59
[26,38] 5900.0
[26,39] 5941.38
[26,40] 5413.41
[26,41] 5813.78
[26,42] 3001.67
[26,43] 2289.65
[26,44] 3572.46
[26,45] 3962.95
[26,46] 4208.62
[26,47] 5022.45
[26,48] 3990.61
[26,49] 4750.0
[26,50] 5450.0
[26,51] 5817.52
[26,52] 4739.91
[26,53] 3842.2
[26,54] 3488.91
[26,55] 5463.74
[26,56] 6082.15
[26,57] 7109.95
[26,58] 6255.95
[26,59] 6230.97
[26,60] 6079.68
[26,61] 7574.46
[26,62] 8031.97
[26,63] 8390.02
[26,64] 9003.47
[26,65] 7501.5
[26,66] 6806.61
[26,67] 7747.58
[26,68] 7536.08
[26,69] 6850.18
[26,70] 11472.79
[26,71] 11188.61
[26,72] 12039.31
[26,73] 12195.29
[26,74] 11276.75
[26,75] 10353.02
[26,76] 10491.19
[27,0] 7403.04
[27,1] 7403.04
[27,2] 7463.58
[27,3] 5450.0
[27,4] 4750.0
[27,5] 4739.24
[27,6] 5816.32
[27,7] 6659.02
[27,8] 7207.81
[27,9] 6082.15
[27,10] 5463.74
[27,11] 6255.19
[27,12] 7107.75
[27,13] 8270.73
[27,14] 8760.28
[27,15] 8031.97
[27,16] 7574.46
[27,17] 6144.31
[27,18] 5929.8
[27,19] 3220.64
[27,20] 3700.0
[27,21] 3758.32
[27,22] 4914.52
[27,23] 6307.54
[27,24] 3891.34
[27,25] 3360.43
[27,26] 700.0
[27,27] 0.0
[27,28] 1368.89
[27,29] 1628.05
[27,30] 2163.33
[27,31] 2745.91
[27,32] 2789.27
[27,33] 2700.0
[27,34] 4308.12
[27,35] 4396.78
[27,36] 5361.2
[27,37] 5685.95
[27,38] 5941.38
[27,39] 5900.0
[27,40] 5202.4
[27,41] 5536.24
[27,42] 2420.74
[27,43] 1732.77
[27,44] 3100.4
[27,45] 3669.47
[27,46] 4150.0
[27,47] 4539.27
[27,48] 3464.82
[27,49] 4050.0
[27,50] 4750.0
[27,51] 5139.3
[27,52] 4073.89
[27,53] 3184.73
[27,54] 2872.72
[27,55] 4867.49
[27,56] 5463.74
[27,57] 6566.38
[27,58] 5767.86
[27,59] 5848.5
[27,60] 5748.26
[27,61] 7156.29
[27,62] 7574.46
[27,63] 7842.35
[27,64] 8441.71
[27,65] 6817.07
[27,66] 6118.82
[27,67] 7086.96
[27,68] 6921.16
[27,69] 6307.54
[27,70] 10845.51
[27,71] 10544.43
[27,72] 11443.12
[27,73] 11607.11
[27,74] 11857.7
[27,75] 10982.94
[27,76] 11113.28
[28,0] 8290.92
[28,1] 8290.92
[28,2] 8193.98
[28,3] 5817.52
[28,4] 5139.3
[28,5] 4750.0
[28,6] 5865.0
[28,7] 6759.73
[28,8] 7259.49
[28,9] 5816.13
[28,10] 5137.72
[28,11] 5589.81
[28,12] 6565.56
[28,13] 7703.14
[28,14] 8214.5
[28,15] 7258.66
[28,16] 6727.33
[28,17] 5236.13
[28,18] 4914.34
[28,19] 3061.53
[28,20] 3711.16
[28,21] 4879.98
[28,22] 6067.79
[28,23] 7407.08
[28,24] 5205.85
[28,25] 4555.53
[28,26] 1629.44
[28,27] 1368.89
[28,28] 0.0
[28,29] 1115.0
[28,30] 2013.82
[28,31] 2512.3
[28,32] 1624.46
[28,33] 1362.96
[28,34] 2950.0
[28,35] 3153.1
[28,36] 4207.12
[28,37] 4592.33
[28,38] 4636.77
[28,39] 4551.75
[28,40] 3841.04
[28,41] 4202.65
[28,42] 1698.37
[28,43] 1053.17
[28,44] 4162.41
[28,45] 4914.73
[28,46] 5506.93
[28,47] 5530.59
[28,48] 4414.68
[28,49] 4073.28
[28,50] 4739.24
[28,51] 4750.0
[28,52] 3635.0
[28,53] 2746.27
[28,54] 2246.81
[28,55] 4071.29
[28,56] 4737.53
[28,57] 5593.21
[28,58] 4680.02
[28,59] 4602.87
[28,60] 4452.64
[28,61] 5952.83
[28,62] 6426.89
[28,63] 6871.32
[28,64] 7503.25
[28,65] 6443.68
[28,66] 5794.02
[28,67] 7480.79
[28,68] 7524.37
[28,69] 7135.32
[28,70] 11352.5
[28,71] 9876.44
[28,72] 10590.68
[28,73] 10729.9
[28,74] 11365.05
[28,75] 11799.19
[28,76] 11954.61
[29,0] 7409.63
[29,1] 7409.63
[29,2] 7224.38
[29,3] 4739.91
[29,4] 4073.89
[29,5] 3635.0
[29,6] 4750.0
[29,7] 5645.05
[29,8] 6144.78
[29,9] 4738.77
[29,10] 4072.56
[29,11] 4680.5
[29,12] 5592.36
[29,13] 6746.75
[29,14] 7248.69
[29,15] 6428.31
[29,16] 5954.24
[29,17] 4516.51
[29,18] 4310.73
[29,19] 1948.63
[29,20] 2597.45
[29,21] 4269.71
[29,22] 5457.37
[29,23] 6711.23
[29,24] 4884.33
[29,25] 4049.15
[29,26] 1367.75
[29,27] 1628.05
[29,28] 1115.0
[29,29] 0.0
[29,30] 905.84
[29,31] 1400.84
[29,32] 1363.8
[29,33] 1624.73
[29,34] 3155.33
[29,35] 2950.0
[29,36] 3804.29
[29,37] 4092.38
[29,38] 4552.71
[29,39] 4637.56
[29,40] 4281.1
[29,41] 4763.02
[29,42] 2810.9
[29,43] 2162.35
[29,44] 4725.93
[29,45] 5264.2
[29,46] 5576.26
[29,47] 6159.19
[29,48] 5071.95
[29,49] 5138.07
[29,50] 5816.32
[29,51] 5865.0
[29,52] 4750.0
[29,53] 3859.99
[29,54] 3360.26
[29,55] 5137.02
[29,56] 5815.39
[29,57] 6567.35
[29,58] 5590.66
[29,59] 5343.37
[29,60] 5106.52
[29,61] 6727.27
[29,62] 7258.51
[29,63] 7834.66
[29,64] 8480.29
[29,65] 7558.45
[29,66] 6908.67
[29,67] 8459.52
[29,68] 8412.24
[29,69] 7891.37
[29,70] 12294.94
[29,71] 10947.54
[29,72] 11596.17
[29,73] 11723.47
[29,74] 10381.01
[29,75] 10853.56
[29,76] 11022.3
[30,0] 6647.18
[30,1] 6647.18
[30,2] 6394.14
[30,3] 3842.2
[30,4] 3184.73
[30,5] 2746.27
[30,6] 3859.99
[30,7] 4750.0
[30,8] 5258.56
[30,9] 3946.2
[30,10] 3309.46
[30,11] 4139.59
[30,12] 4950.41
[30,13] 6114.33
[30,14] 6600.19
[30,15] 5950.84
[30,16] 5549.1
[30,17] 4208.62
[30,18] 4135.52
[30,19] 1092.02
[30,20] 1700.0
[30,21] 3798.03
[30,22] 4951.01
[30,23] 6109.42
[30,24] 4650.0
[30,25] 3684.09
[30,26] 1627.88
[30,27] 2163.33
[30,28] 2013.82
[30,29] 905.84
[30,30] 0.0
[30,31] 583.1
[30,32] 1860.11
[30,33] 2343.07
[30,34] 3697.12
[30,35] 3227.7
[30,36] 3850.0
[30,37] 4031.13
[30,38] 4827.01
[30,39] 5032.89
[30,40] 4911.72
[30,41] 5448.85
[30,42] 3712.14
[30,43] 3050.0
[30,44] 5197.36
[30,45] 5561.03
[30,46] 5644.69
[30,47] 6647.18
[30,48] 5602.23
[30,49] 5971.81
[30,50] 6659.02
[30,51] 6759.73
[30,52] 5645.05
[30,53] 4750.0
[30,54] 4260.58
[30,55] 6039.25
[30,56] 6719.56
[30,57] 7438.16
[30,58] 6438.52
[30,59] 6114.33
[30,60] 5836.31
[30,61] 7504.17
[30,62] 8061.79
[30,63] 8698.42
[30,64] 9348.93
[30,65] 8455.32
[30,66] 7800.0
[30,67] 9204.62
[30,68] 9080.89
[30,69] 8457.25
[30,70] 12997.12
[30,71] 11849.26
[30,72] 12474.17
[30,73] 12596.23
[30,74] 9694.59
[30,75] 10032.2
[30,76] 10210.04
