set NODES := 0 1 2 3 4 5 6 7 8 9 10 11 12 13 14 15 16 17 18 19 20 21 22 23 24 25 26 27 28 29 30 31 32 33 34 35 36 37 38 39 40 41 42 43 44 45 46 47 48 49 50 51 52 53 54 55 56 57 58 59 60 61 62 63 64 65 66 67 68 69 70 71 72 73 74 75 76 77 78 79 80 81 82 83 84 85 86 87 88 89 90 91 92 93 94 95 96 97 98 99;
set NODOS_SIN0 := 1 2 3 4 5 6 7 8 9 10 11 12 13 14 15 16 17 18 19 20 21 22 23 24 25 26 27 28 29 30 31 32 33 34 35 36 37 38 39 40 41 42 43 44 45 46 47 48 49 50 51 52 53 54 55 56 57 58 59 60 61 62 63 64 65 66 67 68 69 70 71 72 73 74 75 76 77 78 79 80 81 82 83 84 85 86 87 88 89 90 91 92 93 94 95 96 97 98 99;
set Vendedores := 1 2;
param mmin := 46;
param mmax := 52;
param dist :=
[0,0] 0.0
[0,1] 0.0
[0,2] 14.21
[0,3] 22.8
[0,4] 28.16
[0,5] 42.76
[0,6] 51.97
[0,7] 61.29
[0,8] 71.25
[0,9] 80.75
[0,10] 17.0
[0,11] 24.6
[0,12] 27.02
[0,13] 40.46
[0,14] 41.59
[0,15] 57.98
[0,16] 67.12
[0,17] 80.06
[0,18] 86.73
[0,19] 49.09
[0,20] 40.45
[0,21] 53.71
[0,22] 52.48
[0,23] 58.69
[0,24] 68.59
[0,25] 74.03
[0,26] 83.87
[0,27] 96.8
[0,28] 68.03
[0,29] 74.55
[0,30] 67.91
[0,31] 72.62
[0,32] 83.19
[0,33] 87.37
[0,34] 96.05
[0,35] 95.67
[0,36] 106.4
[0,37] 77.01
[0,38] 91.66
[0,39] 96.1
[0,40] 96.57
[0,41] 91.79
[0,42] 99.13
[0,43] 99.62
[0,44] 106.89
[0,45] 121.51
[0,46] 105.0
[0,47] 107.23
[0,48] 99.82
[0,49] 119.37
[0,50] 110.49
[0,51] 118.07
[0,52] 122.3
[0,53] 128.47
[0,54] 134.01
[0,55] 120.07
[0,56] 130.46
[0,57] 126.15
[0,58] 130.5
[0,59] 137.79
[0,60] 127.95
[0,61] 142.86
[0,62] 145.79
[0,63] 148.95
[0,64] 142.06
[0,65] 143.35
[0,66] 150.21
[0,67] 154.35
[0,68] 158.15
[0,69] 158.43
[0,70] 158.77
[0,71] 161.55
[0,72] 165.6
[0,73] 173.0
[0,74] 158.15
[0,75] 166.09
[0,76] 175.41
[0,77] 172.7
[0,78] 168.96
[0,79] 179.95
[0,80] 170.7
[0,81] 177.1
[0,82] 191.04
[0,83] 192.17
[0,84] 186.3
[0,85] 185.78
[0,86] 195.14
[0,87] 196.73
[0,88] 192.63
[0,89] 201.9
[0,90] 205.77
[0,91] 207.01
[0,92] 213.08
[0,93] 206.62
[0,94] 213.84
[0,95] 203.18
[0,96] 215.37
[0,97] 210.72
[0,98] 218.22
[0,99] 215.04
[1,0] 0.0
[1,1] 0.0
[1,2] 14.21
[1,3] 22.8
[1,4] 28.16
[1,5] 42.76
[1,6] 51.97
[1,7] 61.29
[1,8] 71.25
[1,9] 80.75
[1,10] 17.0
[1,11] 24.6
[1,12] 27.02
[1,13] 40.46
[1,14] 41.59
[1,15] 57.98
[1,16] 67.12
[1,17] 80.06
[1,18] 86.73
[1,19] 49.09
[1,20] 40.45
[1,21] 53.71
[1,22] 52.48
[1,23] 58.69
[1,24] 68.59
[1,25] 74.03
[1,26] 83.87
[1,27] 96.8
[1,28] 68.03
[1,29] 74.55
[1,30] 67.91
[1,31] 72.62
[1,32] 83.19
[1,33] 87.37
[1,34] 96.05
[1,35] 95.67
[1,36] 106.4
[1,37] 77.01
[1,38] 91.66
[1,39] 96.1
[1,40] 96.57
[1,41] 91.79
[1,42] 99.13
[1,43] 99.62
[1,44] 106.89
[1,45] 121.51
[1,46] 105.0
[1,47] 107.23
[1,48] 99.82
[1,49] 119.37
[1,50] 110.49
[1,51] 118.07
[1,52] 122.3
[1,53] 128.47
[1,54] 134.01
[1,55] 120.07
[1,56] 130.46
[1,57] 126.15
[1,58] 130.5
[1,59] 137.79
[1,60] 127.95
[1,61] 142.86
[1,62] 145.79
[1,63] 148.95
[1,64] 142.06
[1,65] 143.35
[1,66] 150.21
[1,67] 154.35
[1,68] 158.15
[1,69] 158.43
[1,70] 158.77
[1,71] 161.55
[1,72] 165.6
[1,73] 173.0
[1,74] 158.15
[1,75] 166.09
[1,76] 175.41
[1,77] 172.7
[1,78] 168.96
[1,79] 179.95
[1,80] 170.7
[1,81] 177.1
[1,82] 191.04
[1,83] 192.17
[1,84] 186.3
[1,85] 185.78
[1,86] 195.14
[1,87] 196.73
[1,88] 192.63
[1,89] 201.9
[1,90] 205.77
[1,91] 207.01
[1,92] 213.08
[1,93] 206.62
[1,94] 213.84
[1,95] 203.18
[1,96] 215.37
[1,97] 210.72
[1,98] 218.22
[1,99] 215.04
[2,0] 14.21
[2,1] 14.21
[2,2] 0.0
[2,3] 9.49
[2,4] 18.25
[2,5] 33.14
[2,6] 42.01
[2,7] 52.24
[2,8] 62.2
[2,9] 71.0
[2,10] 10.82
[2,11] 11.18
[2,12] 12.81
[2,13] 26.25
[2,14] 29.12
[2,15] 44.72
[2,16] 54.23
[2,17] 67.42
[2,18] 74.73
[2,19] 39.85
[2,20] 29.15
[2,21] 40.16
[2,22] 38.47
[2,23] 44.55
[2,24] 54.49
[2,25] 60.22
[2,26] 70.0
[2,27] 83.35
[2,28] 58.05
[2,29] 63.0
[2,30] 55.44
[2,31] 59.14
[2,32] 69.46
[2,33] 73.25
[2,34] 81.84
[2,35] 81.69
[2,36] 92.46
[2,37] 66.48
[2,38] 80.02
[2,39] 83.73
[2,40] 83.74
[2,41] 78.19
[2,42] 85.09
[2,43] 85.45
[2,44] 92.7
[2,45] 107.3
[2,46] 94.53
[2,47] 96.02
[2,48] 87.57
[2,49] 106.51
[2,50] 97.08
[2,51] 104.28
[2,52] 108.3
[2,53] 114.39
[2,54] 119.81
[2,55] 109.77
[2,56] 119.02
[2,57] 114.28
[2,58] 117.89
[2,59] 124.95
[2,60] 114.49
[2,61] 129.24
[2,62] 131.95
[2,63] 134.83
[2,64] 131.64
[2,65] 132.0
[2,66] 138.36
[2,67] 141.88
[2,68] 145.53
[2,69] 145.21
[2,70] 145.25
[2,71] 147.85
[2,72] 151.65
[2,73] 162.31
[2,74] 147.01
[2,75] 154.32
[2,76] 163.23
[2,77] 160.03
[2,78] 155.96
[2,79] 166.68
[2,80] 157.1
[2,81] 163.25
[2,82] 180.47
[2,83] 181.0
[2,84] 174.48
[2,85] 173.53
[2,86] 182.65
[2,87] 183.86
[2,88] 179.54
[2,89] 188.49
[2,90] 192.2
[2,91] 196.12
[2,92] 202.02
[2,93] 195.13
[2,94] 201.9
[2,95] 190.7
[2,96] 202.62
[2,97] 197.69
[2,98] 204.92
[2,99] 201.55
[3,0] 22.8
[3,1] 22.8
[3,2] 9.49
[3,3] 0.0
[3,4] 10.82
[3,5] 24.74
[3,6] 33.24
[3,7] 43.74
[3,8] 53.6
[3,9] 62.07
[3,10] 18.25
[3,11] 10.63
[3,12] 7.07
[3,13] 18.79
[3,14] 19.65
[3,15] 35.36
[3,16] 44.78
[3,17] 57.94
[3,18] 65.25
[3,19] 40.82
[3,20] 28.64
[3,21] 35.23
[3,22] 32.28
[3,23] 36.24
[3,24] 46.01
[3,25] 51.22
[3,26] 61.07
[3,27] 74.09
[3,28] 57.58
[3,29] 60.67
[3,30] 52.04
[3,31] 53.94
[3,32] 63.6
[3,33] 66.19
[3,34] 74.06
[3,35] 72.92
[3,36] 83.63
[3,37] 65.25
[3,38] 77.32
[3,39] 80.02
[3,40] 79.4
[3,41] 72.53
[3,42] 78.29
[3,43] 78.03
[3,44] 84.5
[3,45] 99.4
[3,46] 92.96
[3,47] 93.65
[3,48] 84.01
[3,49] 101.97
[3,50] 91.68
[3,51] 98.08
[3,52] 101.55
[3,53] 107.35
[3,54] 112.07
[3,55] 108.26
[3,56] 116.21
[3,57] 111.0
[3,58] 113.64
[3,59] 120.35
[3,60] 108.93
[3,61] 123.33
[3,62] 125.54
[3,63] 127.63
[3,64] 129.88
[3,65] 129.25
[3,66] 135.0
[3,67] 137.71
[3,68] 141.15
[3,69] 139.95
[3,70] 139.47
[3,71] 141.74
[3,72] 144.93
[3,73] 160.13
[3,74] 144.42
[3,75] 151.0
[3,76] 159.38
[3,77] 155.56
[3,78] 151.01
[3,79] 161.3
[3,80] 151.16
[3,81] 156.78
[3,82] 178.36
[3,83] 178.28
[3,84] 171.05
[3,85] 169.58
[3,86] 178.36
[3,87] 179.07
[3,88] 174.42
[3,89] 182.85
[3,90] 186.27
[3,91] 193.66
[3,92] 199.36
[3,93] 192.01
[3,94] 198.25
[3,95] 186.42
[3,96] 197.94
[3,97] 192.63
[3,98] 199.45
[3,99] 195.75
[4,0] 28.16
[4,1] 28.16
[4,2] 18.25
[4,3] 10.82
[4,4] 0.0
[4,5] 15.0
[4,6] 24.08
[4,7] 34.06
[4,8] 44.05
[4,9] 53.08
[4,10] 28.46
[4,11] 21.26
[4,12] 16.4
[4,13] 23.02
[4,14] 14.87
[4,15] 31.83
[4,16] 40.0
[4,17] 52.48
[4,18] 58.69
[4,19] 50.8
[4,20] 38.28
[4,21] 41.3
[4,22] 37.0
[4,23] 36.77
[4,24] 45.65
[4,25] 49.04
[4,26] 58.9
[4,27] 70.29
[4,28] 66.64
[4,29] 68.41
[4,30] 59.03
[4,31] 59.01
[4,32] 67.6
[4,33] 68.31
[4,34] 74.69
[4,35] 71.06
[4,36] 81.47
[4,37] 73.74
[4,38] 84.53
[4,39] 86.28
[4,40] 85.01
[4,41] 76.66
[4,42] 80.65
[4,43] 79.31
[4,44] 84.06
[4,45] 99.48
[4,46] 100.96
[4,47] 101.0
[4,48] 90.35
[4,49] 107.12
[4,50] 95.89
[4,51] 101.14
[4,52] 103.73
[4,53] 109.0
[4,54] 112.38
[4,55] 116.21
[4,56] 123.04
[4,57] 117.43
[4,58] 119.04
[4,59] 125.32
[4,60] 112.79
[4,61] 126.61
[4,62] 128.08
[4,63] 128.86
[4,64] 137.54
[4,65] 136.07
[4,66] 141.23
[4,67] 143.09
[4,68] 146.28
[4,69] 144.01
[4,70] 142.86
[4,71] 144.64
[4,72] 146.89
[4,73] 167.36
[4,74] 151.33
[4,75] 157.2
[4,76] 165.01
[4,77] 160.53
[4,78] 155.43
[4,79] 165.13
[4,80] 154.28
[4,81] 159.09
[4,82] 185.61
[4,83] 184.98
[4,84] 177.07
[4,85] 175.07
[4,86] 183.46
[4,87] 183.58
[4,88] 178.54
[4,89] 186.27
[4,90] 189.28
[4,91] 200.56
[4,92] 206.07
[4,93] 198.31
[4,94] 204.0
[4,95] 191.51
[4,96] 202.55
[4,97] 196.79
[4,98] 203.05
[4,99] 198.92
[5,0] 42.76
[5,1] 42.76
[5,2] 33.14
[5,3] 24.74
[5,4] 15.0
[5,5] 0.0
[5,6] 9.22
[5,7] 19.1
[5,8] 29.07
[5,9] 38.12
[5,10] 42.95
[5,11] 34.01
[5,12] 28.18
[5,13] 28.02
[5,14] 12.08
[5,15] 24.04
[5,16] 29.41
[5,17] 40.36
[5,18] 45.28
[5,19] 60.88
[5,20] 48.17
[5,21] 45.62
[5,22] 39.92
[5,23] 34.01
[5,24] 40.61
[5,25] 41.23
[5,26] 50.54
[5,27] 59.55
[5,28] 74.4
[5,29] 73.79
[5,30] 63.56
[5,31] 60.64
[5,32] 67.27
[5,33] 65.28
[5,34] 69.38
[5,35] 62.65
[5,36] 72.4
[5,37] 80.26
[5,38] 88.6
[5,39] 88.77
[5,40] 86.49
[5,41] 76.16
[5,42] 77.52
[5,43] 74.73
[5,44] 77.08
[5,45] 92.85
[5,46] 106.1
[5,47] 105.0
[5,48] 92.89
[5,49] 107.47
[5,50] 95.02
[5,51] 98.51
[5,52] 99.82
[5,53] 104.29
[5,54] 105.85
[5,55] 121.08
[5,56] 125.88
[5,57] 119.64
[5,58] 119.6
[5,59] 125.14
[5,60] 111.11
[5,61] 123.91
[5,62] 124.34
[5,63] 123.33
[5,64] 141.68
[5,65] 138.74
[5,66] 142.86
[5,67] 143.35
[5,68] 146.12
[5,69] 142.28
[5,70] 140.16
[5,71] 141.23
[5,72] 142.17
[5,73] 170.51
[5,74] 154.03
[5,75] 158.68
[5,76] 165.51
[5,77] 160.01
[5,78] 154.12
[5,79] 162.89
[5,80] 151.08
[5,81] 154.74
[5,82] 188.69
[5,83] 187.11
[5,84] 178.13
[5,85] 175.29
[5,86] 183.01
[5,87] 182.22
[5,88] 176.64
[5,89] 183.31
[5,90] 185.72
[5,91] 202.98
[5,92] 208.14
[5,93] 199.7
[5,94] 204.48
[5,95] 191.0
[5,96] 201.25
[5,97] 194.83
[5,98] 200.26
[5,99] 195.53
[6,0] 51.97
[6,1] 51.97
[6,2] 42.01
[6,3] 33.24
[6,4] 24.08
[6,5] 9.22
[6,6] 0.0
[6,7] 10.77
[6,8] 20.4
[6,9] 29.02
[6,10] 51.48
[6,11] 41.76
[6,12] 35.74
[6,13] 32.65
[6,14] 16.64
[6,15] 21.1
[6,16] 23.41
[6,17] 32.65
[6,18] 36.62
[6,19] 66.61
[6,20] 54.08
[6,21] 48.6
[6,22] 42.44
[6,23] 33.53
[6,24] 38.05
[6,25] 36.67
[6,26] 45.22
[6,27] 52.43
[6,28] 78.57
[6,29] 76.55
[6,30] 66.04
[6,31] 61.47
[6,32] 66.71
[6,33] 63.07
[6,34] 65.62
[6,35] 57.01
[6,36] 66.19
[6,37] 83.6
[6,38] 90.34
[6,39] 89.54
[6,40] 86.68
[6,41] 75.31
[6,42] 75.0
[6,43] 71.34
[6,44] 72.12
[6,45] 87.93
[6,46] 108.3
[6,47] 106.51
[6,48] 93.64
[6,49] 106.71
[6,50] 93.65
[6,51] 96.01
[6,52] 96.52
[6,53] 100.45
[6,54] 100.88
[6,55] 122.98
[6,56] 126.49
[6,57] 119.92
[6,58] 118.87
[6,59] 123.91
[6,60] 109.07
[6,61] 121.15
[6,62] 120.93
[6,63] 118.85
[6,64] 143.0
[6,65] 139.18
[6,66] 142.64
[6,67] 142.27
[6,68] 144.78
[6,69] 140.0
[6,70] 137.3
[6,71] 137.93
[6,72] 138.08
[6,73] 171.09
[6,74] 154.4
[6,75] 158.27
[6,76] 164.48
[6,77] 158.38
[6,78] 152.03
[6,79] 160.2
[6,80] 147.87
[6,81] 150.81
[6,82] 189.17
[6,83] 187.01
[6,84] 177.39
[6,85] 174.04
[6,86] 181.33
[6,87] 180.0
[6,88] 174.1
[6,89] 180.11
[6,90] 182.16
[6,91] 203.0
[6,92] 207.93
[6,93] 199.1
[6,94] 203.31
[6,95] 189.26
[6,96] 199.0
[6,97] 192.21
[6,98] 197.12
[6,99] 192.05
[7,0] 61.29
[7,1] 61.29
[7,2] 52.24
[7,3] 43.74
[7,4] 34.06
[7,5] 19.1
[7,6] 10.77
[7,7] 0.0
[7,8] 10.0
[7,9] 19.65
[7,10] 61.98
[7,11] 52.5
[7,12] 46.49
[7,13] 43.01
[7,14] 27.29
[7,15] 27.73
[7,16] 26.08
[7,17] 31.02
[7,18] 32.02
[7,19] 77.1
[7,20] 64.66
[7,21] 58.05
[7,22] 51.74
[7,23] 41.18
[7,24] 43.68
[7,25] 40.11
[7,26] 47.17
[7,27] 51.08
[7,28] 88.39
[7,29] 85.6
[7,30] 75.0
[7,31] 69.35
[7,32] 73.39
[7,33] 68.25
[7,34] 69.01
[7,35] 58.05
[7,36] 66.1
[7,37] 92.96
[7,38] 98.62
[7,39] 97.08
[7,40] 93.78
[7,41] 81.61
[7,42] 79.63
[7,43] 75.06
[7,44] 73.82
[7,45] 89.44
[7,46] 116.81
[7,47] 114.53
[7,48] 101.13
[7,49] 112.79
[7,50] 99.25
[7,51] 100.4
[7,52] 100.0
[7,53] 103.24
[7,54] 102.18
[7,55] 131.23
[7,56] 133.7
[7,57] 126.87
[7,58] 124.91
[7,59] 129.44
[7,60] 113.86
[7,61] 125.06
[7,62] 124.1
[7,63] 120.67
[7,64] 150.73
[7,65] 146.18
[7,66] 149.04
[7,67] 147.87
[7,68] 150.1
[7,69] 144.35
[7,70] 141.0
[7,71] 141.13
[7,72] 140.29
[7,73] 178.14
[7,74] 161.31
[7,75] 164.45
[7,76] 170.04
[7,77] 163.36
[7,78] 156.54
[7,79] 164.01
[7,80] 151.12
[7,81] 153.18
[7,82] 196.09
[7,83] 193.4
[7,84] 183.2
[7,85] 179.36
[7,86] 186.19
[7,87] 184.27
[7,88] 178.04
[7,89] 183.27
[7,90] 184.88
[7,91] 209.48
[7,92] 214.18
[7,93] 205.0
[7,94] 208.63
[7,95] 194.03
[7,96] 203.2
[7,97] 196.0
[7,98] 200.3
[7,99] 194.83
[8,0] 71.25
[8,1] 71.25
[8,2] 62.2
[8,3] 53.6
[8,4] 44.05
[8,5] 29.07
[8,6] 20.4
[8,7] 10.0
[8,8] 0.0
[8,9] 10.3
[8,10] 71.85
[8,11] 62.1
[8,12] 56.04
[8,13] 51.48
[8,14] 36.4
[8,15] 33.3
[8,16] 28.64
[8,17] 29.02
[8,18] 26.93
[8,19] 85.59
[8,20] 73.36
[8,21] 65.19
[8,22] 58.8
[8,23] 46.86
[8,24] 47.41
[8,25] 42.06
[8,26] 47.38
[8,27] 48.05
[8,28] 95.78
[8,29] 92.02
[8,30] 81.39
[8,31] 74.63
[8,32] 77.37
[8,33] 70.84
[8,34] 69.87
[8,35] 57.01
[8,36] 63.79
[8,37] 99.7
[8,38] 104.04
[8,39] 101.71
[8,40] 97.95
[8,41] 85.09
[8,42] 81.49
[8,43] 76.12
[8,44] 73.01
[8,45] 88.2
[8,46] 122.41
[8,47] 119.57
[8,48] 105.68
[8,49] 115.77
[8,50] 101.83
[8,51] 101.79
[8,52] 100.5
[8,53] 103.04
[8,54] 100.6
[8,55] 136.46
[8,56] 137.75
[8,57] 130.68
[8,58] 127.76
[8,59] 131.73
[8,60] 115.52
[8,61] 125.78
[8,62] 124.1
[8,63] 119.42
[8,64] 155.31
[8,65] 149.97
[8,66] 152.16
[8,67] 150.15
[8,68] 152.08
[8,69] 145.38
[8,70] 141.43
[8,71] 141.06
[8,72] 139.29
[8,73] 181.86
[8,74] 164.92
[8,75] 167.29
[8,76] 172.2
[8,77] 164.94
[8,78] 157.69
[8,79] 164.44
[8,80] 151.05
[8,81] 152.27
[8,82] 199.62
[8,83] 196.38
[8,84] 185.59
[8,85] 181.25
[8,86] 187.58
[8,87] 185.08
[8,88] 178.55
[8,89] 183.0
[8,90] 184.17
[8,91] 212.51
[8,92] 216.97
[8,93] 207.42
[8,94] 210.44
[8,95] 195.32
[8,96] 203.89
[8,97] 196.31
[8,98] 200.0
[8,99] 194.16
[9,0] 80.75
[9,1] 80.75
[9,2] 71.0
[9,3] 62.07
[9,4] 53.08
[9,5] 38.12
[9,6] 29.02
[9,7] 19.65
[9,8] 10.3
[9,9] 0.0
[9,10] 80.22
[9,11] 69.87
[9,12] 63.79
[9,13] 57.58
[9,14] 43.74
[9,15] 36.89
[9,16] 29.7
[9,17] 25.3
[9,18] 20.02
[9,19] 91.29
[9,20] 79.48
[9,21] 69.34
[9,22] 62.97
[9,23] 49.82
[9,24] 48.27
[9,25] 41.34
[9,26] 44.6
[9,27] 42.01
[9,28] 99.86
[9,29] 94.92
[9,30] 84.39
[9,31] 76.42
[9,32] 77.67
[9,33] 69.77
[9,34] 67.05
[9,35] 52.61
[9,36] 58.01
[9,37] 102.94
[9,38] 105.65
[9,39] 102.42
[9,40] 98.18
[9,41] 84.72
[9,42] 79.48
[9,43] 73.38
[9,44] 68.47
[9,45] 83.05
[9,46] 124.08
[9,47] 120.6
[9,48] 106.25
[9,49] 114.54
[9,50] 100.32
[9,51] 99.04
[9,52] 96.88
[9,53] 98.73
[9,54] 95.02
[9,55] 137.61
[9,56] 137.56
[9,57] 130.25
[9,58] 126.32
[9,59] 129.69
[9,60] 112.93
[9,61] 122.18
[9,62] 119.82
[9,63] 114.0
[9,64] 155.62
[9,65] 149.41
[9,66] 150.88
[9,67] 148.0
[9,68] 149.62
[9,69] 141.99
[9,70] 137.46
[9,71] 136.62
[9,72] 134.0
[9,73] 181.12
[9,74] 164.13
[9,75] 165.64
[9,76] 169.84
[9,77] 162.02
[9,78] 154.35
[9,79] 160.38
[9,80] 146.58
[9,81] 147.0
[9,82] 198.64
[9,83] 194.79
[9,84] 183.41
[9,85] 178.57
[9,86] 184.39
[9,87] 181.33
[9,88] 174.52
[9,89] 178.23
[9,90] 179.0
[9,91] 210.95
[9,92] 215.13
[9,93] 205.23
[9,94] 207.62
[9,95] 192.0
[9,96] 199.97
[9,97] 192.04
[9,98] 195.16
[9,99] 189.0
[10,0] 17.0
[10,1] 17.0
[10,2] 10.82
[10,3] 18.25
[10,4] 28.46
[10,5] 42.95
[10,6] 51.48
[10,7] 61.98
[10,8] 71.85
[10,9] 80.22
[10,10] 0.0
[10,11] 12.08
[10,12] 17.46
[10,13] 29.53
[10,14] 37.05
[10,15] 50.96
[10,16] 60.88
[10,17] 74.22
[10,18] 82.2
[10,19] 32.14
[10,20] 23.77
[10,21] 38.83
[10,22] 38.9
[10,23] 48.02
[10,24] 57.98
[10,25] 64.85
[10,26] 74.3
[10,27] 88.64
[10,28] 51.04
[10,29] 57.71
[10,30] 51.55
[10,31] 57.31
[10,32] 68.26
[10,33] 73.76
[10,34] 83.45
[10,35] 85.44
[10,36] 96.25
[10,37] 60.01
[10,38] 74.81
[10,39] 79.56
[10,40] 80.32
[10,41] 76.54
[10,42] 85.0
[10,43] 86.37
[10,44] 95.02
[10,45] 108.89
[10,46] 88.01
[10,47] 90.27
[10,48] 83.2
[10,49] 103.09
[10,50] 94.85
[10,51] 103.08
[10,52] 107.9
[10,53] 114.4
[10,54] 121.02
[10,55] 103.08
[10,56] 113.53
[10,57] 109.33
[10,58] 114.02
[10,59] 121.46
[10,60] 112.31
[10,61] 127.46
[10,62] 130.86
[10,63] 135.0
[10,64] 125.06
[10,65] 126.4
[10,66] 133.36
[10,67] 137.77
[10,68] 141.65
[10,69] 142.44
[10,70] 143.18
[10,71] 146.25
[10,72] 150.94
[10,73] 156.0
[10,74] 141.17
[10,75] 149.21
[10,76] 158.67
[10,77] 156.21
[10,78] 152.74
[10,79] 163.98
[10,80] 155.21
[10,81] 162.11
[10,82] 174.05
[10,83] 175.18
[10,84] 169.43
[10,85] 169.06
[10,86] 178.54
[10,87] 180.36
[10,88] 176.46
[10,89] 186.08
[10,90] 190.18
[10,91] 190.01
[10,92] 196.09
[10,93] 189.68
[10,94] 197.0
[10,95] 186.56
[10,96] 198.92
[10,97] 194.49
[10,98] 202.25
[10,99] 199.32
[11,0] 24.6
[11,1] 24.6
[11,2] 11.18
[11,3] 10.63
[11,4] 21.26
[11,5] 34.01
[11,6] 41.76
[11,7] 52.5
[11,8] 62.1
[11,9] 69.87
[11,10] 12.08
[11,11] 0.0
[11,12] 6.08
[11,13] 17.49
[11,14] 26.17
[11,15] 39.05
[11,16] 49.03
[11,17] 62.37
[11,18] 70.58
[11,19] 30.41
[11,20] 18.68
[11,21] 29.15
[11,22] 28.02
[11,23] 36.06
[11,24] 46.04
[11,25] 52.77
[11,26] 62.27
[11,27] 76.56
[11,28] 47.8
[11,29] 52.04
[11,30] 44.28
[11,31] 48.1
[11,32] 58.6
[11,33] 63.01
[11,34] 72.18
[11,35] 73.5
[11,36] 84.31
[11,37] 55.9
[11,38] 69.0
[11,39] 72.56
[11,40] 72.57
[11,41] 67.23
[11,42] 74.63
[11,43] 75.43
[11,44] 83.49
[11,45] 97.67
[11,46] 83.86
[11,47] 85.09
[11,48] 76.42
[11,49] 95.34
[11,50] 86.03
[11,51] 93.47
[11,52] 97.75
[11,53] 104.01
[11,54] 109.99
[11,55] 99.14
[11,56] 108.0
[11,57] 103.17
[11,58] 106.71
[11,59] 113.78
[11,60] 103.46
[11,61] 118.31
[11,62] 121.2
[11,63] 124.54
[11,64] 120.93
[11,65] 121.0
[11,66] 127.25
[11,67] 130.7
[11,68] 134.35
[11,69] 134.1
[11,70] 134.26
[11,71] 136.97
[11,72] 141.03
[11,73] 151.48
[11,74] 136.06
[11,75] 143.22
[11,76] 152.07
[11,77] 148.85
[11,78] 144.81
[11,79] 155.59
[11,80] 146.15
[11,81] 152.5
[11,82] 169.66
[11,83] 170.03
[11,84] 163.37
[11,85] 162.36
[11,86] 171.47
[11,87] 172.7
[11,88] 168.4
[11,89] 177.45
[11,90] 181.24
[11,91] 185.22
[11,92] 191.07
[11,93] 184.07
[11,94] 190.76
[11,95] 179.52
[11,96] 191.44
[11,97] 186.55
[11,98] 193.85
[11,99] 190.55
[12,0] 27.02
[12,1] 27.02
[12,2] 12.81
[12,3] 7.07
[12,4] 16.4
[12,5] 28.18
[12,6] 35.74
[12,7] 46.49
[12,8] 56.04
[12,9] 63.79
[12,10] 17.46
[12,11] 6.08
[12,12] 0.0
[12,13] 13.45
[12,14] 20.1
[12,15] 33.53
[12,16] 43.42
[12,17] 56.75
[12,18] 64.78
[12,19] 34.41
[12,20] 21.95
[12,21] 28.44
[12,22] 26.0
[12,23] 31.89
[12,24] 41.87
[12,25] 48.02
[12,26] 57.69
[12,27] 71.55
[12,28] 50.7
[12,29] 53.6
[12,30] 45.01
[12,31] 47.3
[12,32] 57.25
[12,33] 60.54
[12,34] 69.03
[12,35] 69.2
[12,36] 80.0
[12,37] 58.24
[12,38] 70.26
[12,39] 73.06
[12,40] 72.56
[12,41] 66.1
[12,42] 72.47
[12,43] 72.67
[12,44] 79.93
[12,45] 94.49
[12,46] 85.91
[12,47] 86.58
[12,48] 77.03
[12,49] 95.19
[12,50] 85.16
[12,51] 91.92
[12,52] 95.71
[12,53] 101.71
[12,54] 107.0
[12,55] 101.2
[12,56] 109.17
[12,57] 104.0
[12,58] 106.79
[12,59] 113.6
[12,60] 102.49
[12,61] 117.05
[12,62] 119.51
[12,63] 122.11
[12,64] 122.81
[12,65] 122.2
[12,66] 128.02
[12,67] 130.86
[12,68] 134.35
[12,69] 133.41
[12,70] 133.14
[12,71] 135.56
[12,72] 139.09
[12,73] 153.06
[12,74] 137.36
[12,75] 144.01
[12,76] 152.47
[12,77] 148.79
[12,78] 144.37
[12,79] 154.81
[12,80] 144.9
[12,81] 150.79
[12,82] 171.29
[12,83] 171.24
[12,84] 164.08
[12,85] 162.69
[12,86] 171.55
[12,87] 172.39
[12,88] 167.84
[12,89] 176.47
[12,90] 180.01
[12,91] 186.6
[12,92] 192.31
[12,93] 185.0
[12,94] 191.32
[12,95] 179.61
[12,96] 191.23
[12,97] 186.04
[12,98] 193.0
[12,99] 189.43
[13,0] 40.46
[13,1] 40.46
[13,2] 26.25
[13,3] 18.79
[13,4] 23.02
[13,5] 28.02
[13,6] 32.65
[13,7] 43.01
[13,8] 51.48
[13,9] 57.58
[13,10] 29.53
[13,11] 17.49
[13,12] 13.45
[13,13] 0.0
[13,14] 16.28
[13,15] 23.0
[13,16] 33.02
[13,17] 46.17
[13,18] 55.0
[13,19] 34.13
[13,20] 21.93
[13,21] 18.44
[13,22] 14.04
[13,23] 18.6
[13,24] 28.6
[13,25] 35.34
[13,26] 44.78
[13,27] 59.24
[13,28] 46.4
[13,29] 46.24
[13,30] 36.4
[13,31] 36.06
[13,32] 45.12
[13,33] 47.41
[13,34] 55.61
[13,35] 56.04
[13,36] 66.85
[13,37] 52.35
[13,38] 61.85
[13,39] 63.29
[13,40] 62.0
[13,41] 54.13
[13,42] 59.51
[13,43] 59.36
[13,44] 66.48
[13,45] 81.06
[13,46] 78.77
[13,47] 78.34
[13,48] 67.36
[13,49] 84.21
[13,50] 73.35
[13,51] 79.38
[13,52] 82.76
[13,53] 88.59
[13,54] 93.6
[13,55] 93.92
[13,56] 100.13
[13,57] 94.43
[13,58] 96.08
[13,59] 102.49
[13,60] 90.47
[13,61] 104.69
[13,62] 106.78
[13,63] 108.91
[13,64] 114.98
[13,65] 113.14
[13,66] 118.21
[13,67] 120.15
[13,68] 123.41
[13,69] 121.6
[13,70] 120.88
[13,71] 123.03
[13,72] 126.14
[13,73] 144.54
[13,74] 128.41
[13,75] 134.18
[13,76] 142.03
[13,77] 137.71
[13,78] 132.83
[13,79] 142.86
[13,80] 132.5
[13,81] 138.0
[13,82] 162.79
[13,83] 162.0
[13,84] 154.05
[13,85] 152.12
[13,86] 160.61
[13,87] 160.95
[13,88] 156.11
[13,89] 164.28
[13,90] 167.6
[13,91] 177.63
[13,92] 183.1
[13,93] 175.29
[13,94] 181.01
[13,95] 168.67
[13,96] 179.89
[13,97] 174.35
[13,98] 180.94
[13,99] 177.12
[14,0] 41.59
[14,1] 41.59
[14,2] 29.12
[14,3] 19.65
[14,4] 14.87
[14,5] 12.08
[14,6] 16.64
[14,7] 27.29
[14,8] 36.4
[14,9] 43.74
[14,10] 37.05
[14,11] 26.17
[14,12] 20.1
[14,13] 16.28
[14,14] 0.0
[14,15] 16.97
[14,16] 25.55
[14,17] 38.48
[14,18] 45.61
[14,19] 50.0
[14,20] 37.44
[14,21] 33.54
[14,22] 27.86
[14,23] 23.35
[14,24] 31.38
[14,25] 34.21
[14,26] 44.05
[14,27] 55.61
[14,28] 62.63
[14,29] 61.72
[14,30] 51.48
[14,31] 48.84
[14,32] 56.01
[14,33] 55.11
[14,34] 60.54
[14,35] 56.22
[14,36] 66.6
[14,37] 68.26
[14,38] 76.55
[14,39] 76.9
[14,40] 74.81
[14,41] 65.0
[14,42] 67.47
[14,43] 65.46
[14,44] 69.46
[14,45] 85.0
[14,46] 94.02
[14,47] 92.97
[14,48] 81.02
[14,49] 96.13
[14,50] 84.05
[14,51] 88.28
[14,52] 90.25
[14,53] 95.19
[14,54] 97.95
[14,55] 109.0
[14,56] 114.0
[14,57] 107.87
[14,58] 108.23
[14,59] 114.0
[14,60] 100.5
[14,61] 113.77
[14,62] 114.73
[14,63] 114.77
[14,64] 129.65
[14,65] 126.91
[14,66] 131.24
[14,67] 132.09
[14,68] 135.0
[14,69] 131.75
[14,70] 130.05
[14,71] 131.47
[14,72] 133.14
[14,73] 158.62
[14,74] 142.2
[14,75] 147.11
[14,76] 154.21
[14,77] 149.03
[14,78] 143.42
[14,79] 152.59
[14,80] 141.22
[14,81] 145.5
[14,82] 176.82
[14,83] 175.41
[14,84] 166.68
[14,85] 164.08
[14,86] 172.03
[14,87] 171.57
[14,88] 166.21
[14,89] 173.37
[14,90] 176.08
[14,91] 191.23
[14,92] 196.46
[14,93] 188.18
[14,94] 193.21
[14,95] 180.04
[14,96] 190.59
[14,97] 184.44
[14,98] 190.25
[14,99] 185.81
[15,0] 57.98
[15,1] 57.98
[15,2] 44.72
[15,3] 35.36
[15,4] 31.83
[15,5] 24.04
[15,6] 21.1
[15,7] 27.73
[15,8] 33.3
[15,9] 36.89
[15,10] 50.96
[15,11] 39.05
[15,12] 33.53
[15,13] 23.0
[15,14] 16.97
[15,15] 0.0
[15,16] 10.05
[15,17] 23.35
[15,18] 32.0
[15,19] 55.03
[15,20] 43.93
[15,21] 32.45
[15,22] 26.08
[15,23] 13.6
[15,24] 17.0
[15,25] 17.49
[15,26] 27.2
[15,27] 38.83
[15,28] 63.01
[15,29] 58.73
[15,30] 48.1
[15,31] 41.68
[15,32] 45.88
[15,33] 42.01
[15,34] 45.35
[15,35] 39.41
[15,36] 49.68
[15,37] 66.48
[15,38] 71.02
[15,39] 69.35
[15,40] 66.13
[15,41] 54.34
[15,42] 54.04
[15,43] 50.8
[15,44] 53.23
[15,45] 68.94
[15,46] 89.31
[15,47] 86.83
[15,48] 73.41
[15,49] 85.7
[15,50] 72.56
[15,51] 75.06
[15,52] 75.95
[15,53] 80.28
[15,54] 81.94
[15,55] 103.59
[15,56] 106.04
[15,57] 99.3
[15,58] 97.86
[15,59] 102.83
[15,60] 88.02
[15,61] 100.32
[15,62] 100.45
[15,63] 99.3
[15,64] 123.0
[15,65] 118.6
[15,66] 121.75
[15,67] 121.2
[15,68] 123.69
[15,69] 119.02
[15,70] 116.52
[15,71] 117.39
[15,72] 118.14
[15,73] 150.55
[15,74] 133.76
[15,75] 137.32
[15,76] 143.4
[15,77] 137.3
[15,78] 131.0
[15,79] 139.36
[15,80] 127.28
[15,81] 130.73
[15,82] 168.55
[15,83] 166.14
[15,84] 156.35
[15,85] 152.95
[15,86] 160.25
[15,87] 159.01
[15,88] 153.21
[15,89] 159.52
[15,90] 161.81
[15,91] 182.17
[15,92] 187.01
[15,93] 178.08
[15,94] 182.21
[15,95] 168.19
[15,96] 178.03
[15,97] 171.35
[15,98] 176.5
[15,99] 171.64
[16,0] 67.12
[16,1] 67.12
[16,2] 54.23
[16,3] 44.78
[16,4] 40.0
[16,5] 29.41
[16,6] 23.41
[16,7] 26.08
[16,8] 28.64
[16,9] 29.7
[16,10] 60.88
[16,11] 49.03
[16,12] 43.42
[16,13] 33.02
[16,14] 25.55
[16,15] 10.05
[16,16] 0.0
[16,17] 13.34
[16,18] 22.02
[16,19] 64.29
[16,20] 53.6
[16,21] 40.72
[16,22] 34.54
[16,23] 20.59
[16,24] 18.87
[16,25] 14.04
[16,26] 21.84
[16,27] 30.41
[16,28] 70.83
[16,29] 65.3
[16,30] 54.82
[16,31] 46.75
[16,32] 48.76
[16,33] 42.45
[16,34] 43.01
[16,35] 33.62
[16,36] 43.05
[16,37] 73.41
[16,38] 76.06
[16,39] 73.25
[16,40] 69.35
[16,41] 56.46
[16,42] 53.6
[16,43] 49.01
[16,44] 48.76
[16,45] 64.56
[16,46] 94.49
[16,47] 91.26
[16,48] 77.18
[16,49] 87.28
[16,50] 73.5
[16,51] 74.33
[16,52] 74.03
[16,53] 77.52
[16,54] 77.49
[16,55] 108.23
[16,56] 109.12
[16,57] 102.04
[16,58] 99.33
[16,59] 103.59
[16,60] 87.82
[16,61] 99.02
[16,62] 98.25
[16,63] 95.57
[16,64] 126.76
[16,65] 121.33
[16,66] 123.65
[16,67] 122.02
[16,68] 124.15
[16,69] 118.27
[16,70] 115.0
[16,71] 115.28
[16,72] 114.93
[16,73] 153.24
[16,74] 136.31
[16,75] 138.88
[16,76] 144.16
[16,77] 137.32
[16,78] 130.46
[16,79] 138.0
[16,80] 125.26
[16,81] 127.74
[16,82] 171.03
[16,83] 167.93
[16,84] 157.41
[16,85] 153.39
[16,86] 160.13
[16,87] 158.2
[16,88] 152.01
[16,89] 157.46
[16,90] 159.26
[16,91] 184.05
[16,92] 188.6
[16,93] 179.23
[16,94] 182.65
[16,95] 167.97
[16,96] 177.14
[16,97] 170.0
[16,98] 174.48
[16,99] 169.19
[17,0] 80.06
[17,1] 80.06
[17,2] 67.42
[17,3] 57.94
[17,4] 52.48
[17,5] 40.36
[17,6] 32.65
[17,7] 31.02
[17,8] 29.02
[17,9] 25.3
[17,10] 74.22
[17,11] 62.37
[17,12] 56.75
[17,13] 46.17
[17,14] 38.48
[17,15] 23.35
[17,16] 13.34
[17,17] 0.0
[17,18] 9.85
[17,19] 76.3
[17,20] 66.19
[17,21] 51.92
[17,22] 46.1
[17,23] 31.78
[17,24] 26.42
[17,25] 17.8
[17,26] 19.31
[17,27] 20.12
[17,28] 81.02
[17,29] 74.09
[17,30] 64.01
[17,31] 54.41
[17,32] 53.81
[17,33] 44.94
[17,34] 41.76
[17,35] 28.0
[17,36] 35.17
[17,37] 82.49
[17,38] 82.81
[17,39] 78.64
[17,40] 74.03
[17,41] 60.22
[17,42] 54.23
[17,43] 48.08
[17,44] 44.0
[17,45] 59.21
[17,46] 101.14
[17,47] 97.0
[17,48] 82.33
[17,49] 89.44
[17,50] 75.15
[17,51] 73.76
[17,52] 71.85
[17,53] 74.11
[17,54] 71.7
[17,55] 114.02
[17,56] 112.9
[17,57] 105.48
[17,58] 101.13
[17,59] 104.4
[17,60] 87.64
[17,61] 97.16
[17,62] 95.19
[17,63] 90.45
[17,64] 131.24
[17,65] 124.53
[17,66] 125.72
[17,67] 122.7
[17,68] 124.33
[17,69] 116.9
[17,70] 112.64
[17,71] 112.11
[17,72] 110.29
[17,73] 156.12
[17,74] 139.12
[17,75] 140.39
[17,76] 144.54
[17,77] 136.8
[17,78] 129.25
[17,79] 135.62
[17,80] 122.1
[17,81] 123.26
[17,82] 173.53
[17,83] 169.54
[17,84] 158.11
[17,85] 153.31
[17,86] 159.25
[17,87] 156.42
[17,88] 149.75
[17,89] 154.0
[17,90] 155.16
[17,91] 185.7
[17,92] 189.84
[17,93] 179.94
[17,94] 182.39
[17,95] 166.9
[17,96] 175.15
[17,97] 167.43
[17,98] 171.0
[17,99] 165.15
[18,0] 86.73
[18,1] 86.73
[18,2] 74.73
[18,3] 65.25
[18,4] 58.69
[18,5] 45.28
[18,6] 36.62
[18,7] 32.02
[18,8] 26.93
[18,9] 20.02
[18,10] 82.2
[18,11] 70.58
[18,12] 64.78
[18,13] 55.0
[18,14] 45.61
[18,15] 32.0
[18,16] 22.02
[18,17] 9.85
[18,18] 0.0
[18,19] 85.91
[18,20] 75.54
[18,21] 61.68
[18,22] 55.79
[18,23] 41.48
[18,24] 36.24
[18,25] 27.46
[18,26] 27.2
[18,27] 22.0
[18,28] 90.87
[18,29] 83.86
[18,30] 73.82
[18,31] 64.07
[18,32] 62.94
[18,33] 53.41
[18,34] 48.75
[18,35] 33.24
[18,36] 38.0
[18,37] 92.28
[18,38] 92.2
[18,39] 87.69
[18,40] 82.88
[18,41] 68.88
[18,42] 61.77
[18,43] 55.04
[18,44] 48.84
[18,45] 63.13
[18,46] 110.45
[18,47] 106.08
[18,48] 91.29
[18,49] 97.25
[18,50] 82.86
[18,51] 80.41
[18,52] 77.62
[18,53] 79.08
[18,54] 75.01
[18,55] 123.07
[18,56] 121.25
[18,57] 113.72
[18,58] 108.71
[18,59] 111.49
[18,60] 94.34
[18,61] 102.84
[18,62] 100.13
[18,63] 94.0
[18,64] 139.81
[18,65] 132.61
[18,66] 133.3
[18,67] 129.62
[18,68] 130.97
[18,69] 122.72
[18,70] 117.89
[18,71] 116.84
[18,72] 114.0
[18,73] 163.98
[18,74] 146.99
[18,75] 147.65
[18,76] 151.22
[18,77] 143.0
[18,78] 135.09
[18,79] 140.73
[18,80] 126.78
[18,81] 127.0
[18,82] 181.18
[18,83] 176.78
[18,84] 164.92
[18,85] 159.7
[18,86] 165.17
[18,87] 161.81
[18,88] 154.87
[18,89] 158.32
[18,90] 159.01
[18,91] 192.92
[18,92] 196.85
[18,93] 186.68
[18,94] 188.6
[18,95] 172.7
[18,96] 180.35
[18,97] 172.28
[18,98] 175.23
[18,99] 169.01
[19,0] 49.09
[19,1] 49.09
[19,2] 39.85
[19,3] 40.82
[19,4] 50.8
[19,5] 60.88
[19,6] 66.61
[19,7] 77.1
[19,8] 85.59
[19,9] 91.29
[19,10] 32.14
[19,11] 30.41
[19,12] 34.41
[19,13] 34.13
[19,14] 50.0
[19,15] 55.03
[19,16] 64.29
[19,17] 76.3
[19,18] 85.91
[19,19] 0.0
[19,20] 12.73
[19,21] 25.0
[19,22] 30.27
[19,23] 44.55
[19,24] 52.01
[19,25] 61.07
[19,26] 68.12
[19,27] 84.1
[19,28] 19.03
[19,29] 27.73
[19,30] 25.5
[19,31] 35.85
[19,32] 46.87
[19,33] 56.36
[19,34] 68.15
[19,35] 76.3
[19,36] 86.35
[19,37] 28.28
[19,38] 44.27
[19,39] 50.54
[19,40] 52.7
[19,41] 53.15
[19,42] 64.9
[19,43] 68.88
[19,44] 80.78
[19,45] 91.79
[19,46] 56.04
[19,47] 58.86
[19,48] 53.71
[19,49] 74.71
[19,50] 69.03
[19,51] 79.21
[19,52] 85.7
[19,53] 92.96
[19,54] 102.34
[19,55] 71.01
[19,56] 82.2
[19,57] 78.59
[19,58] 84.69
[19,59] 92.61
[19,60] 86.02
[19,61] 101.61
[19,62] 106.4
[19,63] 113.28
[19,64] 93.01
[19,65] 94.89
[19,66] 102.39
[19,67] 107.84
[19,68] 112.01
[19,69] 114.53
[19,70] 116.5
[19,71] 120.43
[19,72] 126.91
[19,73] 124.02
[19,74] 109.46
[19,75] 118.07
[19,76] 128.06
[19,77] 126.53
[19,78] 123.98
[19,79] 135.96
[19,80] 128.7
[19,81] 137.0
[19,82] 142.0
[19,83] 143.42
[19,84] 138.28
[19,85] 138.5
[19,86] 148.37
[19,87] 150.99
[19,88] 147.73
[19,89] 158.35
[19,90] 163.11
[19,91] 158.08
[19,92] 164.25
[19,93] 158.15
[19,94] 165.92
[19,95] 156.32
[19,96] 169.19
[19,97] 165.46
[19,98] 173.99
[19,99] 171.83
[20,0] 40.45
[20,1] 40.45
[20,2] 29.15
[20,3] 28.64
[20,4] 38.28
[20,5] 48.17
[20,6] 54.08
[20,7] 64.66
[20,8] 73.36
[20,9] 79.48
[20,10] 23.77
[20,11] 18.68
[20,12] 21.95
[20,13] 21.93
[20,14] 37.44
[20,15] 43.93
[20,16] 53.6
[20,17] 66.19
[20,18] 75.54
[20,19] 12.73
[20,20] 0.0
[20,21] 18.36
[20,22] 21.59
[20,23] 35.06
[20,24] 43.74
[20,25] 52.35
[20,26] 60.42
[20,27] 76.12
[20,28] 29.12
[20,29] 34.13
[20,30] 27.86
[20,31] 34.83
[20,32] 46.1
[20,33] 53.41
[20,34] 64.35
[20,35] 69.89
[20,36] 80.41
[20,37] 37.34
[20,38] 51.24
[20,39] 55.79
[20,40] 56.65
[20,41] 53.82
[20,42] 63.64
[20,43] 66.22
[20,44] 76.66
[20,45] 89.2
[20,46] 65.38
[20,47] 67.01
[20,48] 59.44
[20,49] 79.38
[20,50] 71.59
[20,51] 80.45
[20,52] 85.91
[20,53] 92.76
[20,54] 100.66
[20,55] 80.62
[20,56] 90.14
[20,57] 85.71
[20,58] 90.25
[20,59] 97.72
[20,60] 89.01
[20,61] 104.32
[20,62] 108.17
[20,63] 113.36
[20,64] 102.49
[20,65] 103.08
[20,66] 109.77
[20,67] 114.0
[20,68] 117.88
[20,69] 118.85
[20,70] 119.85
[20,71] 123.17
[20,72] 128.46
[20,73] 133.18
[20,74] 118.0
[20,75] 125.67
[20,76] 134.97
[20,77] 132.44
[20,78] 129.03
[20,79] 140.39
[20,80] 131.95
[20,81] 139.28
[20,82] 151.33
[20,83] 152.01
[20,84] 145.88
[20,85] 145.34
[20,86] 154.78
[20,87] 156.6
[20,88] 152.76
[20,89] 162.56
[20,90] 166.82
[20,91] 167.05
[20,92] 173.0
[20,93] 166.3
[20,94] 173.4
[20,95] 162.81
[20,96] 175.15
[20,97] 170.76
[20,98] 178.64
[20,99] 175.87
[21,0] 53.71
[21,1] 53.71
[21,2] 40.16
[21,3] 35.23
[21,4] 41.3
[21,5] 45.62
[21,6] 48.6
[21,7] 58.05
[21,8] 65.19
[21,9] 69.34
[21,10] 38.83
[21,11] 29.15
[21,12] 28.44
[21,13] 18.44
[21,14] 33.54
[21,15] 32.45
[21,16] 40.72
[21,17] 51.92
[21,18] 61.68
[21,19] 25.0
[21,20] 18.36
[21,21] 0.0
[21,22] 6.4
[21,23] 20.25
[21,24] 27.02
[21,25] 36.12
[21,26] 43.19
[21,27] 59.14
[21,28] 30.61
[21,29] 28.18
[21,30] 18.03
[21,31] 18.97
[21,32] 29.53
[21,33] 35.38
[21,34] 46.04
[21,35] 51.92
[21,36] 62.3
[21,37] 35.0
[21,38] 43.42
[21,39] 45.04
[21,40] 44.18
[21,41] 38.08
[21,42] 46.23
[21,43] 48.17
[21,44] 58.31
[21,45] 71.06
[21,46] 60.54
[21,47] 59.91
[21,48] 49.09
[21,49] 66.75
[21,50] 56.92
[21,51] 64.41
[21,52] 69.07
[21,53] 75.6
[21,54] 82.76
[21,55] 75.61
[21,56] 81.74
[21,57] 76.16
[21,58] 78.41
[21,59] 85.16
[21,60] 74.33
[21,61] 89.16
[21,62] 92.18
[21,63] 96.21
[21,64] 96.57
[21,65] 94.76
[21,66] 100.04
[21,67] 102.49
[21,68] 105.93
[21,69] 105.08
[21,70] 105.11
[21,71] 107.84
[21,72] 112.16
[21,73] 126.12
[21,74] 110.03
[21,75] 116.04
[21,76] 124.2
[21,77] 120.35
[21,78] 115.95
[21,79] 126.53
[21,80] 117.0
[21,81] 123.47
[21,82] 144.36
[21,83] 143.68
[21,84] 136.0
[21,85] 134.37
[21,86] 143.14
[21,87] 143.95
[21,88] 139.46
[21,89] 148.33
[21,90] 152.09
[21,91] 159.26
[21,92] 164.78
[21,93] 157.11
[21,94] 163.11
[21,95] 151.2
[21,96] 162.79
[21,97] 157.65
[21,98] 164.77
[21,99] 161.4
[22,0] 52.48
[22,1] 52.48
[22,2] 38.47
[22,3] 32.28
[22,4] 37.0
[22,5] 39.92
[22,6] 42.44
[22,7] 51.74
[22,8] 58.8
[22,9] 62.97
[22,10] 38.9
[22,11] 28.02
[22,12] 26.0
[22,13] 14.04
[22,14] 27.86
[22,15] 26.08
[22,16] 34.54
[22,17] 46.1
[22,18] 55.79
[22,19] 30.27
[22,20] 21.59
[22,21] 6.4
[22,22] 0.0
[22,23] 14.32
[22,24] 22.2
[22,25] 31.02
[22,26] 38.83
[22,27] 54.59
[22,28] 37.01
[22,29] 34.13
[22,30] 23.71
[22,31] 22.02
[22,32] 31.32
[22,33] 35.0
[22,34] 44.6
[22,35] 48.47
[22,36] 59.09
[22,37] 41.23
[22,38] 48.7
[22,39] 49.5
[22,40] 48.01
[22,41] 40.26
[22,42] 46.65
[22,43] 47.51
[22,44] 56.4
[22,45] 70.01
[22,46] 66.21
[22,47] 65.15
[22,48] 53.6
[22,49] 70.18
[22,50] 59.44
[22,51] 65.92
[22,52] 69.84
[22,53] 76.01
[22,54] 82.13
[22,55] 81.15
[22,56] 86.49
[22,57] 80.62
[22,58] 82.05
[22,59] 88.46
[22,60] 76.66
[22,61] 91.08
[22,62] 93.52
[22,63] 96.52
[22,64] 101.83
[22,65] 99.46
[22,66] 104.31
[22,67] 106.12
[22,68] 109.37
[22,69] 107.71
[22,70] 107.21
[22,71] 109.56
[22,72] 113.18
[22,73] 131.03
[22,74] 114.76
[22,75] 120.27
[22,76] 128.02
[22,77] 123.69
[22,78] 118.87
[22,79] 129.03
[22,80] 118.93
[22,81] 124.81
[22,82] 149.25
[22,83] 148.22
[22,84] 140.09
[22,85] 138.09
[22,86] 146.58
[22,87] 146.97
[22,88] 142.2
[22,89] 150.57
[22,90] 154.04
[22,91] 163.92
[22,92] 169.31
[22,93] 161.38
[22,94] 167.0
[22,95] 154.64
[22,96] 165.89
[22,97] 160.43
[22,98] 167.17
[22,99] 163.49
[23,0] 58.69
[23,1] 58.69
[23,2] 44.55
[23,3] 36.24
[23,4] 36.77
[23,5] 34.01
[23,6] 33.53
[23,7] 41.18
[23,8] 46.86
[23,9] 49.82
[23,10] 48.02
[23,11] 36.06
[23,12] 31.89
[23,13] 18.6
[23,14] 23.35
[23,15] 13.6
[23,16] 20.59
[23,17] 31.78
[23,18] 41.48
[23,19] 44.55
[23,20] 35.06
[23,21] 20.25
[23,22] 14.32
[23,23] 0.0
[23,24] 10.0
[23,25] 17.46
[23,26] 26.4
[23,27] 41.48
[23,28] 50.25
[23,29] 45.25
[23,30] 34.66
[23,31] 28.18
[23,32] 33.38
[23,33] 31.78
[23,34] 38.08
[23,35] 37.44
[23,36] 48.26
[23,37] 53.15
[23,38] 57.45
[23,39] 56.08
[23,40] 53.16
[23,41] 42.19
[23,42] 44.15
[23,43] 42.54
[23,44] 48.27
[23,45] 63.25
[23,46] 75.72
[23,47] 73.36
[23,48] 60.17
[23,49] 73.55
[23,50] 61.01
[23,51] 64.94
[23,52] 67.05
[23,53] 72.24
[23,54] 76.01
[23,55] 90.05
[23,56] 92.97
[23,57] 86.4
[23,58] 85.71
[23,59] 91.14
[23,60] 77.23
[23,61] 90.43
[23,62] 91.48
[23,63] 92.14
[23,64] 109.66
[23,65] 105.65
[23,66] 109.24
[23,67] 109.37
[23,68] 112.11
[23,69] 108.46
[23,70] 106.71
[23,71] 108.17
[23,72] 110.14
[23,73] 137.57
[23,74] 120.88
[23,75] 124.95
[23,76] 131.55
[23,77] 126.0
[23,78] 120.2
[23,79] 129.26
[23,80] 117.9
[23,81] 122.38
[23,82] 155.65
[23,83] 153.59
[23,84] 144.26
[23,85] 141.29
[23,86] 149.0
[23,87] 148.34
[23,88] 142.9
[23,89] 150.03
[23,90] 152.8
[23,91] 169.55
[23,92] 174.55
[23,93] 165.89
[23,94] 170.5
[23,95] 157.0
[23,96] 167.36
[23,97] 161.12
[23,98] 166.9
[23,99] 162.51
[24,0] 68.59
[24,1] 68.59
[24,2] 54.49
[24,3] 46.01
[24,4] 45.65
[24,5] 40.61
[24,6] 38.05
[24,7] 43.68
[24,8] 47.41
[24,9] 48.27
[24,10] 57.98
[24,11] 46.04
[24,12] 41.87
[24,13] 28.6
[24,14] 31.38
[24,15] 17.0
[24,16] 18.87
[24,17] 26.42
[24,18] 36.24
[24,19] 52.01
[24,20] 43.74
[24,21] 27.02
[24,22] 22.2
[24,23] 10.0
[24,24] 0.0
[24,25] 9.22
[24,26] 16.76
[24,27] 32.39
[24,28] 54.78
[24,29] 47.71
[24,30] 37.59
[24,31] 28.32
[24,32] 29.97
[24,33] 25.02
[24,34] 29.15
[24,35] 27.46
[24,36] 38.28
[24,37] 56.08
[24,38] 57.38
[24,39] 54.38
[24,40] 50.54
[24,41] 37.95
[24,42] 37.05
[24,43] 34.21
[24,44] 38.6
[24,45] 53.85
[24,46] 75.82
[24,47] 72.42
[24,48] 58.31
[24,49] 69.12
[24,50] 55.73
[24,51] 58.08
[24,52] 59.23
[24,53] 63.89
[24,54] 66.73
[24,55] 89.4
[24,56] 90.38
[24,57] 83.38
[24,58] 81.25
[24,59] 85.99
[24,60] 71.03
[24,61] 83.38
[24,62] 83.74
[24,63] 83.38
[24,64] 107.91
[24,65] 102.69
[24,66] 105.36
[24,67] 104.39
[24,68] 106.79
[24,69] 102.02
[24,70] 99.61
[24,71] 100.62
[24,72] 101.83
[24,73] 134.63
[24,74] 117.75
[24,75] 120.78
[24,76] 126.59
[24,77] 120.34
[24,78] 114.0
[24,79] 122.41
[24,80] 110.48
[24,81] 114.28
[24,82] 152.51
[24,83] 149.72
[24,84] 139.64
[24,85] 136.07
[24,86] 143.28
[24,87] 142.01
[24,88] 136.24
[24,89] 142.71
[24,90] 145.13
[24,91] 165.8
[24,92] 170.51
[24,93] 161.41
[24,94] 165.34
[24,95] 151.21
[24,96] 161.03
[24,97] 154.39
[24,98] 159.67
[24,99] 154.93
[25,0] 74.03
[25,1] 74.03
[25,2] 60.22
[25,3] 51.22
[25,4] 49.04
[25,5] 41.23
[25,6] 36.67
[25,7] 40.11
[25,8] 42.06
[25,9] 41.34
[25,10] 64.85
[25,11] 52.77
[25,12] 48.02
[25,13] 35.34
[25,14] 34.21
[25,15] 17.49
[25,16] 14.04
[25,17] 17.8
[25,18] 27.46
[25,19] 61.07
[25,20] 52.35
[25,21] 36.12
[25,22] 31.02
[25,23] 17.46
[25,24] 9.22
[25,25] 0.0
[25,26] 9.9
[25,27] 24.04
[25,28] 63.91
[25,29] 56.44
[25,30] 46.52
[25,31] 36.62
[25,32] 36.4
[25,33] 28.79
[25,34] 29.07
[25,35] 22.02
[25,36] 32.53
[25,37] 64.88
[25,38] 65.07
[25,39] 61.22
[25,40] 56.86
[25,41] 43.42
[25,42] 39.62
[25,43] 35.0
[25,44] 35.85
[25,45] 51.62
[25,46] 83.44
[25,47] 79.51
[25,48] 65.0
[25,49] 73.74
[25,50] 59.77
[25,51] 60.3
[25,52] 60.07
[25,53] 63.79
[25,54] 64.62
[25,55] 96.54
[25,56] 96.25
[25,57] 89.01
[25,58] 85.7
[25,59] 89.74
[25,60] 73.82
[25,61] 85.01
[25,62] 84.38
[25,63] 82.28
[25,64] 114.28
[25,65] 108.23
[25,66] 110.14
[25,67] 108.17
[25,68] 110.22
[25,69] 104.24
[25,70] 101.02
[25,71] 101.4
[25,72] 101.41
[25,73] 140.04
[25,74] 123.07
[25,75] 125.23
[25,76] 130.27
[25,77] 123.32
[25,78] 116.43
[25,79] 124.0
[25,80] 111.36
[25,81] 114.14
[25,82] 157.7
[25,83] 154.32
[25,84] 143.59
[25,85] 139.45
[25,86] 146.11
[25,87] 144.17
[25,88] 138.0
[25,89] 143.59
[25,90] 145.52
[25,91] 170.46
[25,92] 174.91
[25,93] 165.42
[25,94] 168.69
[25,95] 153.94
[25,96] 163.11
[25,97] 156.01
[25,98] 160.61
[25,99] 155.43
[26,0] 83.87
[26,1] 83.87
[26,2] 70.0
[26,3] 61.07
[26,4] 58.9
[26,5] 50.54
[26,6] 45.22
[26,7] 47.17
[26,8] 47.38
[26,9] 44.6
[26,10] 74.3
[26,11] 62.27
[26,12] 57.69
[26,13] 44.78
[26,14] 44.05
[26,15] 27.2
[26,16] 21.84
[26,17] 19.31
[26,18] 27.2
[26,19] 68.12
[26,20] 60.42
[26,21] 43.19
[26,22] 38.83
[26,23] 26.4
[26,24] 16.76
[26,25] 9.9
[26,26] 0.0
[26,27] 16.0
[26,28] 68.66
[26,29] 59.81
[26,30] 50.7
[26,31] 39.56
[26,32] 36.4
[26,33] 26.25
[26,34] 22.56
[26,35] 12.21
[26,36] 22.63
[26,37] 68.35
[26,38] 66.03
[26,39] 60.88
[26,40] 55.87
[26,41] 41.77
[26,42] 34.93
[26,43] 28.86
[26,44] 26.93
[26,45] 42.72
[26,46] 84.02
[26,47] 79.25
[26,48] 64.35
[26,49] 70.24
[26,50] 55.9
[26,51] 54.57
[26,52] 53.15
[26,53] 56.08
[26,54] 55.66
[26,55] 96.18
[26,56] 94.05
